1221 1
91	38.73555
94	38.80048
96	38.84746
98	38.88941
100	38.91688
102	38.93494
104	38.93817
106	38.94098
108	38.94399
110	38.94712
114	38.95347
118	38.96069
121	38.96473
125	38.97034
127	38.97316
128	38.97325
131	38.97284
132	38.9727
134	38.96875
137	38.96051
140	38.95353
143	38.94857
147	38.93798
151	38.93001
155	38.92291
159	38.91313
162	38.9074
166	38.89851
170	38.88887
173	38.88218
177	38.87383
180	38.87085
182	38.87011
186	38.87115
191	38.86979
194	38.86782
198	38.86858
202	38.875
205	38.88516
210	38.90396
216	38.96389
220	39.01192
223	39.0918
227	39.23895
230	39.53613
234	39.53386
240	39.52757
246	39.52231
252	39.52167
257	39.52595
260	39.52205
264	39.57926
269	39.58964
274	39.59553
279	39.55219
284	39.60714
290	39.63063
296	39.59823
301	39.57738
308	39.62066
318	39.62202
328	39.64049
338	39.62999
348	39.61411
357	39.73241
366	39.89907
375	39.89051
385	39.80537
395	39.95711
405	40.03902
414	40.03408
422	39.99443
430	39.97131
441	40.02738
451	40.03299
460	39.97836
470	39.98123
480	40.02456
490	39.95036
500	40.03041
506	39.98083
512	40.19427
520	40.16761
530	40.12708
540	40.04825
550	40.03463
560	40.14153
570	40.17902
580	40.16071
590	40.16282
600	40.08296
610	40.07618
620	40.16482
630	40.13681
640	40.16611
650	40.14391
658	40.10383
665	40.14798
675	40.16442
685	40.09217
695	40.14839
705	40.05157
716	40.15102
726	40.1483
735	40.14569
745	40.12506
755	40.11677
765	40.06918
775	40.10529
785	40.06748
795	40.09022
805	40.09216
815	40.08921
825	40.08969
835	39.98857
845	40.07054
855	40.05902
865	40.06744
875	40.06331
885	40.05864
895	40.05463
905	40.04197
915	40.02938
925	40.35256
935	40.52736
945	40.63245
955	40.68422
965	40.71573
975	40.35619
985	40.61816
995	40.59254
1005	40.67002
1015	40.67696
1025	40.534
1035	40.62251
1045	40.73316
1055	40.71391
1065	40.64661
1075	40.67673
1085	40.62183
1095	40.67711
1105	40.65362
1115	40.64084
1125	40.58911
1135	40.6479
1145	40.62291
1155	40.61847
1165	40.60939
1175	40.45762
1185	40.58307
1195	40.52296
1205	40.46333
1215	40.37134
1225	40.49683
1235	40.56335
1245	40.57042
1255	40.55604
1265	40.53778
1275	40.57433
1285	40.57584
1295	40.51884
1305	40.51775
1315	40.56012
1325	40.53926
1335	40.51242
1345	40.53679
1355	40.52253
1365	40.49242
1375	40.48844
1385	40.48296
1395	40.37454
1405	40.3583
1415	40.44989
1425	40.43388
1435	40.44558
1442	40.44874
1447	40.44668
1455	40.43174
1465	40.4095
1475	40.40918
1485	40.40929
1495	40.40232
1505	40.3819
1512	40.35015
1517	40.36114
1525	40.35504
1535	40.29791
1545	40.25689
1555	40.25352
1565	40.29246
1575	40.31297
1585	40.31771
1595	40.31658
1605	40.30318
1615	40.2946
1625	40.28625
1635	40.29913
1645	40.2958
1655	40.28565
1665	40.29452
1672	40.26433
1677	40.30408
1685	40.29864
1695	40.27935
1705	40.26634
1715	40.24399
1725	40.23503
1735	40.25117
1745	40.24141
1755	40.24644
1765	40.22973
1775	40.2197
1785	40.22452
1795	40.22889
1805	40.22731
1815	40.1979
1825	40.20242
1835	40.19173
1845	40.16383
1855	40.16211
1865	40.16533
1875	40.17749
1885	40.14543
1895	40.12726
1905	40.14758
1915	40.12819
1925	40.11065
1935	40.12888
1945	40.1335
1955	40.09987
1967	40.1243
1976	40.1329
1984	40.11179
1995	40.10032
2005	40.10915
2015	40.0997
2025	40.10911
2035	40.08271
2045	40.08595
2055	40.03767
2065	40.05534
2074	40.08884
2078	40.06319
2085	40.07339
2095	40.05296
2105	40.05757
2115	40.0588
2125	40.05795
2135	40.04556
2145	40.03575
2155	40.04474
2165	40.03401
2175	40.03138
2185	40.0193
2195	40.02673
2205	40.01898
2215	40.0065
2225	39.99665
2235	40.0004
2245	39.99248
2255	39.97963
2265	39.98337
2275	39.98285
2285	39.98051
2295	39.95872
2305	39.9607
2315	39.94955
2325	39.89828
2335	39.93221
2345	39.92821
2355	39.93012
2365	39.91814
2375	39.91453
2385	39.89975
2395	39.90738
2405	39.89711
2415	39.89637
2425	39.89906
2435	39.88629
2445	39.89139
2455	39.88554
2465	39.88038
2475	39.87164
2485	39.87124
2495	39.81718
2505	39.86323
2513	39.84144
2518	39.8549
2525	39.84704
2535	39.84477
2545	39.83545
2555	39.84023
2565	39.83485
2575	39.83858
2585	39.83378
2595	39.8285
2605	39.82104
2615	39.81524
2625	39.81529
2635	39.81355
2645	39.81769
2655	39.81455
2665	39.79954
2675	39.80082
2685	39.79816
2695	39.78746
2705	39.78588
2715	39.77805
2725	39.77554
2735	39.77545
2745	39.76
2755	39.75761
2765	39.757
2775	39.76084
2785	39.75446
2795	39.72813
2805	39.73589
2815	39.74693
2825	39.7434
2835	39.73065
2845	39.72826
2855	39.72439
2865	39.72744
2875	39.72177
2885	39.71954
2895	39.71456
2910	39.71445
2930	39.70588
2950	39.69644
2970	39.69191
2990	39.68448
3010	39.67802
3030	39.67291
3050	39.66658
3070	39.65981
3090	39.65286
3110	39.64685
3130	39.63915
3150	39.63451
3170	39.62691
3190	39.61666
3210	39.61343
3230	39.60652
3250	39.60295
3270	39.59723
3290	39.59177
3310	39.58679
3330	39.57973
3350	39.57159
3370	39.56427
3390	39.55872
3410	39.55334
3430	39.54533
3450	39.54011
3470	39.53567
3490	39.5306
3510	39.52721
3530	39.52192
3550	39.51823
3570	39.51051
3590	39.5036
3610	39.49979
3630	39.49606
3640	39.49399
3650	39.42682
3670	39.41918
3690	39.40473
3710	39.42025
3730	39.4169
3750	39.46004
3770	39.46267
3790	39.49221
3810	39.51772
3830	39.45668
3850	39.52191
3870	39.53075
3890	39.43131
3910	39.52285
3930	39.49237
3950	39.50317
3970	39.38556
3990	39.50039
4010	39.50916
4030	39.49812
4050	39.49925
4070	39.48576
4090	39.45668
4110	39.39842
4130	39.46627
4150	39.46934
4170	39.46408
4190	39.46041
4210	39.45555
4230	39.44787
4250	39.44346
4270	39.43192
4290	39.4288
4310	39.4125
4330	39.38047
4350	39.34126
4370	39.40992
4390	39.40112
4410	39.3995
4430	39.39631
4450	39.39365
4470	39.38397
4490	39.38466
4510	39.38906
4530	39.37481
4550	39.36897
4570	39.37283
4590	39.3618
4610	39.36126
4630	39.3517
4650	39.34764
4670	39.34713
4690	39.33981
4710	39.32828
4730	39.33201
4750	39.32984
4770	39.32614
4790	39.32045
4810	39.31287
4830	39.3077
4850	39.26988
4870	39.21716
4890	39.29034
4910	39.28971
4930	39.27861
4950	39.28323
4970	39.27842
4990	39.26591
5010	39.25029
5030	39.2566
5050	39.24947
5070	39.25259
5090	39.24314
5110	39.23999
5130	39.2303
5150	39.22341
5170	39.21562
5190	39.21397
5210	39.2117
5230	39.21329
5250	39.21308
5270	39.19632
5290	39.20706
5310	39.20578
5330	39.19153
5350	39.19735
5370	39.1938
5390	39.18565
5410	39.17926
5430	39.17702
5450	39.17733
5470	39.16954
5490	39.16697
5510	39.16137
5530	39.16161
5550	39.15995
5570	39.15506
5590	39.14886
5610	39.14905
5630	39.14358
5650	39.14032
5670	39.13313
5690	39.13442
5710	39.1266
5730	39.13451
5750	39.1246
5770	39.12387
5790	39.11438
5810	39.11669
5830	39.1181
5850	39.1106
5870	39.10308
5890	39.0917
5910	39.0986
5930	39.096
5950	39.09174
5970	39.09286
5990	39.08498
6010	39.08041
6030	39.08207
6050	39.08142
6070	39.07913
6090	39.06931
6110	39.06624
6130	39.05567
6150	39.05486
6170	39.04675
6190	39.05236
6210	39.04748
6230	39.03829
6250	39.02821
6270	39.03561
6290	39.03684
6310	39.02831
6330	39.02941
6350	39.02445
6370	39.02111
6390	39.02231
6410	39.0162
6430	39.01529
6450	39.01149
6470	39.00974
6490	39.00061
6510	39.00433
6530	39.00006
6550	38.98117
6570	38.93555
6590	38.9886
6610	38.99131
6630	38.98919
6650	38.98734
6670	38.97877
6690	38.97814
6710	38.96852
6730	38.97089
6750	38.96468
6770	38.96367
6790	38.95789
6810	38.9579
6830	38.95754
6850	38.95111
6870	38.9525
6890	38.95413
6910	38.95152
6930	38.94709
6950	38.94423
6970	38.9457
6990	38.94178
7010	38.93611
7030	38.93881
7050	38.9402
7070	38.93044
7090	38.92019
7110	38.90652
7130	38.90087
7150	38.89986
7170	38.90075
7190	38.89432
7210	38.89747
7230	38.89967
7250	38.90153
7270	38.90142
7290	38.89593
7310	38.90002
7330	38.90048
7350	38.8998
7370	38.90457
7390	38.89882
7410	38.89619
7430	38.89708
7450	38.89731
7470	38.89626
7490	38.89406
7510	38.89629
7530	38.89793
7550	38.89792
7570	38.8947
7590	38.8914
7610	38.88883
7630	38.88286
7650	38.87688
7670	38.86615
7690	38.86811
7710	38.86226
7730	38.85998
7750	38.85775
7770	38.85614
7790	38.86123
7810	38.85897
7830	38.85378
7850	38.84669
7870	38.85167
7890	38.84156
7910	38.83571
7930	38.83763
7950	38.83254
7970	38.84151
7990	38.84098
8010	38.84276
8030	38.84072
8050	38.84
8070	38.83794
8090	38.83229
8110	38.83261
8130	38.83759
8150	38.83683
8170	38.83816
8190	38.83198
8210	38.8112
8230	38.81582
8250	38.81368
8270	38.8172
8290	38.81278
8310	38.79873
8330	38.79692
8350	38.79699
8370	38.79642
8390	38.78786
8410	38.79509
8430	38.77814
8450	38.76575
8470	38.76463
8490	38.77632
8510	38.75021
8530	38.7802
8550	38.74444
8570	38.78804
8590	38.77184
8610	38.77168
8630	38.79347
8650	38.79025
8670	38.74385
8690	38.78124
8710	38.79483
8730	38.79143
8750	38.76367
8770	38.78748
8790	38.79548
8810	38.78777
8830	38.78876
8850	38.78316
8870	38.75847
8890	38.78786
8910	38.79443
8930	38.78522
8950	38.78492
8970	38.78413
8990	38.78003
9010	38.74797
9030	38.76599
9050	38.78444
9070	38.78075
9090	38.76849
9110	38.77198
9130	38.77864
9150	38.7746
9170	38.77253
9190	38.77504
9210	38.75551
9230	38.72786
9250	38.74634
9270	38.75045
9290	38.74915
9310	38.75314
9330	38.75092
9350	38.74802
9370	38.74152
9390	38.74671
9410	38.73558
9430	38.74461
9450	38.73714
9470	38.74386
9490	38.74384
9510	38.73835
9530	38.73299
9550	38.70298
9570	38.72644
9590	38.73779
9610	38.73151
9630	38.73109
9650	38.72416
9670	38.72194
9690	38.72806
9710	38.72433
9730	38.72139
9750	38.71796
9770	38.71904
9790	38.71238
9810	38.72168
9830	38.71628
9850	38.7192
9870	38.71567
9890	38.71393
9910	38.71136
9930	38.71103
9950	38.70932
9970	38.70927
9990	38.70659
10025	38.69389
10075	38.68335
10125	38.69168
10175	38.6855
10225	38.68317
10275	38.68065
10325	38.67082
10375	38.66545
10425	38.6642
10475	38.65839
10525	38.65657
10575	38.64971
10625	38.64689
10675	38.63625
10725	38.63497
10775	38.62949
10825	38.6218
10875	38.61965
10925	38.60773
10975	38.60869
11025	38.6112
11075	38.6076
11125	38.60254
11175	38.59611
11225	38.59362
11275	38.58435
11325	38.58075
11375	38.57639
11425	38.57035
11475	38.57264
11525	38.56928
11575	38.56153
11625	38.55377
11675	38.55154
11725	38.55297
11775	38.54313
11825	38.53967
11875	38.5314
11925	38.53596
11975	38.52067
12025	38.52584
12075	38.51936
12125	38.51698
12175	38.51528
12225	38.51044
12275	38.50577
12325	38.50061
12375	38.49825
12425	38.49356
12475	38.49042
12525	38.48386
12575	38.48091
12625	38.47764
12675	38.4723
12725	38.4709
12775	38.46886
12825	38.44536
12875	38.45809
12925	38.45082
12975	38.45451
13025	38.44738
13075	38.44849
13125	38.4394
13175	38.43753
13225	38.43677
13275	38.42853
13325	38.43079
13375	38.42493
13425	38.42636
13475	38.42229
13525	38.41969
13575	38.41208
13625	38.40882
13675	38.40901
13725	38.40807
13775	38.40459
13825	38.40405
13875	38.39811
13925	38.39894
13975	38.39791
14025	38.38982
14075	38.39264
14125	38.38605
14175	38.38836
14225	38.38124
14275	38.37269
14325	38.37941
14375	38.37861
14425	38.36571
14475	38.3731
14525	38.36659
14570	38.36814
14620	38.35936
14675	38.35797
14725	38.34928
14775	38.35103
14825	38.34935
14875	38.34434
14925	38.35181
14975	38.34442
15025	38.3411
15075	38.33593
15125	38.34112
15175	38.3406
15225	38.34077
15275	38.34098
15325	38.33709
15375	38.34177
15425	38.33738
15475	38.33874
15525	38.33202
15575	38.30795
15625	38.32118
15675	38.31774
15725	38.32626
15775	38.29289
15825	38.30162
15875	38.2946
15925	38.30885
15975	38.29555
16050	38.32347
16150	38.31895
16250	38.31955
16350	38.31641
16450	38.30483
16550	38.30398
16650	38.29731
16750	38.28616
16850	38.27368
16950	38.27669
17050	38.26155
17150	38.2597
17250	38.24364
17350	38.23224
17450	38.22962
17550	38.22192
17650	38.2159
17750	38.20592
17850	38.20281
17950	38.1927
18050	38.18213
18150	38.17463
18250	38.16762
18350	38.15985
18450	38.15081
18550	38.14724
18650	38.13424
18750	38.12521
18850	38.12362
18950	38.10402
19050	38.11306
19150	38.10382
19250	38.09875
19350	38.08576
19450	38.07396
19550	38.07693
19650	38.06906
19750	38.05906
19850	38.0551
19950	38.04902
20050	38.04708
20150	38.0403
20250	38.02646
20350	38.02122
20450	38.02151
20550	38.01255
20650	38.00431
20750	37.99894
20850	37.99033
20950	37.98153
21050	37.98038
21150	37.97134
21250	37.96397
21350	37.96232
21450	37.95487
21550	37.9468
21650	37.93721
21750	37.93084
21850	37.92643
21950	37.92162
22050	37.90873
22150	37.91098
22250	37.89747
22350	37.89327
22450	37.88786
22550	37.88382
22650	37.87259
22750	37.87344
22850	37.85814
22950	37.7879
23050	37.81724
23150	37.81085
23250	37.74729
23350	37.78077
23450	37.76162
23550	37.70287
23650	37.74548
23750	37.72628
23850	37.68111
23950	37.71616
24050	37.7067
24150	37.66544
24250	37.6945
24350	37.68607
24450	37.66154
24550	37.66343
24650	37.67555
24750	37.65998
24850	37.63978
24950	37.65053
25050	37.66495
25150	37.62593
25250	37.64384
25350	37.64211
25450	37.63455
25550	37.62559
25650	37.62459
25750	37.62882
25850	37.60551
25950	37.60943
26050	37.61573
26150	37.6028
26250	37.59576
26350	37.60113
26450	37.59823
26550	37.58994
26650	37.58131
26750	37.59142
26850	37.58698
26950	37.57139
27050	37.57806
27150	37.57291
27250	37.57384
27350	37.5573
27450	37.56221
27550	37.56086
27650	37.55364
27750	37.54264
27850	37.54645
27950	37.54638
28050	37.54115
28150	37.5308
28250	37.53059
28350	37.53001
28450	37.52428
28550	37.51826
28650	37.51439
28750	37.50901
28850	37.50659
28950	37.50201
29050	37.49683
29150	37.49387
29250	37.48449
29350	37.48587
29450	37.47866
29550	37.47411
29650	37.47196
29750	37.46745
29850	37.46099
29950	37.45652
30050	37.45146
30150	37.44852
30250	37.44201
30350	37.43456
30450	37.43311
30550	37.42791
30650	37.42332
30750	37.4196
30850	37.41232
30950	37.40839
31050	37.40581
31150	37.39762
31250	37.39503
31350	37.39017
31450	37.38506
31550	37.38003
31650	37.37378
31750	37.37113
31850	37.36598
31950	37.36193
32100	37.3541
32300	37.3439
32500	37.33472
32700	37.3248
32900	37.30917
33100	37.30095
33300	37.29165
33500	37.28413
33700	37.27443
33900	37.26505
34100	37.25536
34300	37.24829
34500	37.24006
34700	37.23108
34900	37.22259
35100	37.21463
35300	37.2046
35500	37.19716
35700	37.18813
35900	37.17954
36100	37.17202
36300	37.16406
36500	37.15387
36700	37.14586
36900	37.13491
37100	37.12625
37300	37.12016
37500	37.10796
37700	37.10473
37900	37.09634
38100	37.08901
38300	37.08248
38500	37.07544
38700	37.06549
38900	37.05882
39100	37.05168
39300	37.04483
39500	37.03496
39700	37.02816
39900	37.01779
40100	37.01225
40300	37.00646
40500	36.99764
40700	36.99193
40900	36.9849
41100	36.97784
41300	36.97121
41500	36.96308
41700	36.95459
41900	36.94775
42100	36.93986
42300	36.93524
42500	36.92632
42700	36.92033
42900	36.88927
43100	36.85589
43300	36.86066
43500	36.83286
43700	36.81756
43900	36.80544
44100	36.77983
44300	36.77668
44500	36.76649
44700	36.73976
44900	36.7457
45100	36.7329
45300	36.71986
45500	36.72282
45700	36.71711
45900	36.70116
46100	36.7084
46300	36.69851
46500	36.69485
46700	36.69549
46900	36.68789
47100	36.68032
47300	36.6857
47500	36.67627
47700	36.67207
47900	36.66956
48100	36.6589
48300	36.66514
48500	36.65776
48700	36.64986
48900	36.64624
49100	36.64202
49300	36.63761
49500	36.63019
49700	36.63242
49900	36.62629
50100	36.62364
50300	36.61943
50500	36.6108
50700	36.61051
50900	36.60552
51100	36.59997
51300	36.59733
51500	36.59188
51700	36.59372
51900	36.58765
52100	36.5846
52300	36.57883
52500	36.57777
52700	36.57978
52900	36.5699
53100	36.5644
53300	36.56463
53500	36.56057
53700	36.55755
53900	36.55502
54100	36.55196
54300	36.54548
54500	36.54685
54700	36.53927
54900	36.53913
55100	36.53285
55300	36.53953
55500	36.52781
55700	36.52971
55900	36.524
56100	36.52485
56300	36.51686
56500	36.51789
56700	36.51427
56900	36.5072
57100	36.50891
57300	36.50589
57500	36.50217
57700	36.49891
57900	36.49842
58100	36.49381
58300	36.49124
58500	36.48817
58700	36.4829
58900	36.48089
59100	36.47715
59300	36.47607
59500	36.47139
59700	36.47067
59900	36.46772
60100	36.46462
60300	36.46137
60500	36.45679
60700	36.45431
60900	36.45084
61100	36.44746
61300	36.44585
61500	36.44363
61700	36.44213
61900	36.43835
62100	36.43661
62300	36.4324
62500	36.42829
62700	36.42566
62900	36.42331
63100	36.42045
63300	36.41919
63500	36.41556
63700	36.41442
63900	36.4103
64200	36.40659
64600	36.40048
65000	36.3954
65400	36.38994
65800	36.38541
66200	36.37997
66600	36.37507
67000	36.37035
67400	36.36505
67800	36.36022
68200	36.35528
68600	36.35095
69000	36.34597
69400	36.34141
69800	36.33679
70200	36.33208
70600	36.32788
71000	36.32329
71400	36.31907
71800	36.31456
72200	36.31039
72600	36.30602
73000	36.30185
73400	36.29763
73800	36.29369
74200	36.2894
74600	36.28523
75000	36.28143
75400	36.27786
75800	36.2744
76200	36.27074
76600	36.26704
77000	36.26338
77400	36.2599
77800	36.25648
78200	36.25303
78600	36.24983
79000	36.24655
79400	36.24336
79800	36.24029
80200	36.23698
80600	36.23396
81000	36.23113
81400	36.22809
81800	36.22528
82200	36.22241
82600	36.21957
83000	36.21682
83400	36.21398
83800	36.21128
84200	36.20871
84600	36.20605
85000	36.20351
85400	36.20097
85800	36.19851
86200	36.19608
86600	36.19366
87000	36.19123
87400	36.18887
87800	36.18654
88200	36.18421
88600	36.18198
89000	36.17982
89400	36.17771
89800	36.17549
90200	36.1735
90600	36.17147
91000	36.16922
91400	36.16674
91800	36.16486
92200	36.16302
92600	36.16111
93000	36.15927
93400	36.15744
93800	36.15569
94200	36.15398
94600	36.15223
95000	36.15056
95400	36.14893
95800	36.14732
96200	36.14569
96600	36.14414
97000	36.14257
97400	36.1409
97800	36.13949
98200	36.13802
98600	36.13656
99000	36.13515
99400	36.13367
99800	36.13228
100200	36.13089
200000	36.02194
400000	35.96424
600000	35.90585
800000	35.83884
1000000	35.75963
1200000	35.66272
1400000	35.53777
1600000	35.36168