1221 1
91	38.91953
94	38.97082
96	39.01135
98	39.04844
100	39.0738
102	39.09087
104	39.09431
106	39.10048
108	39.10685
110	39.11036
114	39.11823
118	39.13185
121	39.1376
125	39.14658
127	39.1512
128	39.15244
131	39.15565
132	39.1567
134	39.15602
137	39.15333
140	39.15199
143	39.15264
147	39.14733
151	39.14573
155	39.14558
159	39.14235
162	39.14085
166	39.138
170	39.13225
173	39.12834
177	39.12485
180	39.12395
182	39.12381
186	39.12444
191	39.12256
194	39.11965
198	39.12225
202	39.12194
205	39.12428
210	39.12746
216	39.13763
220	39.14849
223	39.16687
227	39.20444
230	39.31403
234	39.34758
240	39.39989
246	39.47948
252	39.62812
257	39.6043
260	39.69046
264	39.9012
269	39.9411
274	39.95949
279	39.87131
284	40.00322
290	40.02752
296	39.9594
301	39.72945
308	39.82698
318	39.94514
328	39.95794
338	39.93142
348	39.9076
357	39.9989
366	40.11675
375	40.1086
385	40.03112
395	40.12967
405	40.17797
414	40.17506
422	40.14915
430	40.12634
441	40.16831
451	40.17156
460	40.13616
470	40.13258
480	40.15401
490	40.11034
500	40.15185
506	40.14855
512	40.31182
520	40.28825
530	40.25999
540	40.20042
550	40.18573
560	40.26333
570	40.27388
580	40.25586
590	40.25774
600	40.21685
610	40.20176
620	40.25378
630	40.23322
640	40.2467
650	40.23013
658	40.20577
665	40.22826
675	40.23361
685	40.19237
695	40.21814
705	40.16706
716	40.21303
726	40.20946
735	40.20625
745	40.19166
755	40.18255
765	40.15593
775	40.16931
785	40.15109
795	40.15599
805	40.15412
815	40.15149
825	40.14847
835	40.09406
845	40.13338
855	40.12343
865	40.12542
875	40.12038
885	40.1137
895	40.10844
905	40.09771
915	40.08579
925	40.3763
935	40.51729
945	40.61459
955	40.64568
965	40.68507
975	40.46803
985	40.637
995	40.59891
1005	40.62598
1015	40.62504
1025	40.51318
1035	40.60141
1045	40.63939
1055	40.62638
1065	40.59108
1075	40.5973
1085	40.56367
1095	40.5876
1105	40.57032
1115	40.56206
1125	40.53014
1135	40.54904
1145	40.53292
1155	40.52238
1165	40.51148
1175	40.42656
1185	40.48318
1195	40.46362
1205	40.43974
1215	40.33984
1225	40.42981
1235	40.44656
1245	40.44276
1255	40.43754
1265	40.43223
1275	40.43488
1285	40.43051
1295	40.40807
1305	40.40194
1315	40.4099
1325	40.39639
1335	40.38372
1345	40.38538
1355	40.37442
1365	40.35882
1375	40.35048
1385	40.34474
1395	40.27659
1405	40.24747
1415	40.32094
1425	40.30032
1435	40.30644
1442	40.30256
1447	40.29895
1455	40.28811
1465	40.2795
1475	40.2737
1485	40.27158
1495	40.26177
1505	40.25275
1512	40.24085
1517	40.23974
1525	40.23281
1535	40.20031
1545	40.15662
1555	40.15595
1565	40.17953
1575	40.1864
1585	40.18406
1595	40.17928
1605	40.16027
1615	40.15012
1625	40.1461
1635	40.14473
1645	40.13228
1655	40.13736
1665	40.13338
1672	40.11348
1677	40.13668
1685	40.12822
1695	40.11773
1705	40.10723
1715	40.09351
1725	40.08492
1735	40.09067
1745	40.08236
1755	40.0772
1765	40.06797
1775	40.06121
1785	40.05839
1795	40.05267
1805	40.04865
1815	40.03614
1825	40.03166
1835	40.02606
1845	40.00991
1855	40.00463
1865	40.00203
1875	39.99963
1885	39.98333
1895	39.97352
1905	39.97773
1915	39.96651
1925	39.95258
1935	39.95869
1945	39.95776
1955	39.93834
1967	39.94336
1976	39.94381
1984	39.93236
1995	39.92218
2005	39.92227
2015	39.91686
2025	39.91515
2035	39.90246
2045	39.89795
2055	39.83208
2065	39.85534
2074	39.88937
2078	39.88065
2085	39.88008
2095	39.86931
2105	39.86767
2115	39.86602
2125	39.86114
2135	39.85302
2145	39.846
2155	39.84613
2165	39.83458
2175	39.83298
2185	39.82369
2195	39.82454
2205	39.81765
2215	39.80697
2225	39.80323
2235	39.80072
2245	39.79412
2255	39.78383
2265	39.78387
2275	39.7803
2285	39.77512
2295	39.76226
2305	39.75881
2315	39.75585
2325	39.73286
2335	39.7438
2345	39.73806
2355	39.73592
2365	39.72811
2375	39.72382
2385	39.70994
2395	39.71288
2405	39.70725
2415	39.70326
2425	39.7014
2435	39.69405
2445	39.69204
2455	39.68631
2465	39.68169
2475	39.67588
2485	39.67235
2495	39.63821
2505	39.66312
2513	39.64337
2518	39.6541
2525	39.65136
2535	39.64757
2545	39.64154
2555	39.6398
2565	39.63514
2575	39.63314
2585	39.62848
2595	39.62297
2605	39.61796
2615	39.61281
2625	39.61031
2635	39.60666
2645	39.60607
2655	39.60173
2665	39.59429
2675	39.59097
2685	39.58818
2695	39.58102
2705	39.57871
2715	39.57288
2725	39.56842
2735	39.56215
2745	39.5579
2755	39.55444
2765	39.55097
2775	39.55046
2785	39.54561
2795	39.533
2805	39.53361
2815	39.53519
2825	39.53041
2835	39.52424
2845	39.52117
2855	39.51704
2865	39.51539
2875	39.51112
2885	39.50847
2895	39.50431
2910	39.50137
2930	39.4939
2950	39.48588
2970	39.48057
2990	39.47379
3010	39.46806
3030	39.46179
3050	39.45581
3070	39.44974
3090	39.44371
3110	39.43784
3130	39.4315
3150	39.42646
3170	39.42047
3190	39.41282
3210	39.40744
3230	39.40356
3250	39.3989
3270	39.39331
3290	39.38868
3310	39.38411
3330	39.37866
3350	39.37103
3370	39.36466
3390	39.35814
3410	39.35192
3430	39.34473
3450	39.34013
3470	39.33665
3490	39.33237
3510	39.32907
3530	39.32497
3550	39.32121
3570	39.31711
3590	39.31219
3610	39.30855
3630	39.30472
3640	39.30177
3650	39.15738
3670	39.14877
3690	39.15166
3710	39.17549
3730	39.17336
3750	39.2021
3770	39.19895
3790	39.21431
3810	39.23066
3830	39.18616
3850	39.23041
3870	39.23188
3890	39.16402
3910	39.22083
3930	39.20006
3950	39.20635
3970	39.12776
3990	39.19782
4010	39.19622
4030	39.18601
4050	39.18567
4070	39.17656
4090	39.15739
4110	39.11071
4130	39.15718
4150	39.15546
4170	39.14972
4190	39.14472
4210	39.13852
4230	39.13289
4250	39.12712
4270	39.11956
4290	39.11492
4310	39.10474
4330	39.08089
4350	39.04681
4370	39.09211
4390	39.08408
4410	39.08053
4430	39.07617
4450	39.07123
4470	39.06071
4490	39.05934
4510	39.05638
4530	39.0489
4550	39.0409
4570	39.0403
4590	39.03238
4610	39.02995
4630	39.02214
4650	39.01624
4670	39.01318
4690	39.00465
4710	38.99839
4730	38.99782
4750	38.99301
4770	38.98801
4790	38.98259
4810	38.97675
4830	38.97013
4850	38.94666
4870	38.90348
4890	38.95329
4910	38.95018
4930	38.94093
4950	38.94046
4970	38.93643
4990	38.92908
5010	38.91937
5030	38.91924
5050	38.91247
5070	38.91022
5090	38.90461
5110	38.89949
5130	38.89337
5150	38.88776
5170	38.88165
5190	38.87717
5210	38.87278
5230	38.86767
5250	38.86435
5270	38.85616
5290	38.85487
5310	38.84898
5330	38.84368
5350	38.84085
5370	38.83572
5390	38.83059
5410	38.82373
5430	38.82044
5450	38.81707
5470	38.81185
5490	38.80735
5510	38.80245
5530	38.79784
5550	38.79401
5570	38.78872
5590	38.78392
5610	38.77985
5630	38.77546
5650	38.77028
5670	38.76511
5690	38.76031
5710	38.75237
5730	38.74935
5750	38.74472
5770	38.74149
5790	38.73801
5810	38.7357
5830	38.73245
5850	38.72868
5870	38.72062
5890	38.71905
5910	38.71663
5930	38.7126
5950	38.70846
5970	38.70499
5990	38.70056
6010	38.69663
6030	38.69293
6050	38.68946
6070	38.68559
6090	38.68142
6110	38.67725
6130	38.67278
6150	38.66819
6170	38.66514
6190	38.66253
6210	38.65889
6230	38.65416
6250	38.64851
6270	38.64754
6290	38.64395
6310	38.63897
6330	38.63627
6350	38.6317
6370	38.62825
6390	38.62542
6410	38.62083
6430	38.61798
6450	38.6138
6470	38.61105
6490	38.60621
6510	38.60327
6530	38.59887
6550	38.58403
6570	38.53846
6590	38.58627
6610	38.58578
6630	38.58319
6650	38.57982
6670	38.5751
6690	38.57183
6710	38.5695
6730	38.56631
6750	38.56274
6770	38.55966
6790	38.55597
6810	38.55283
6830	38.54936
6850	38.54585
6870	38.54283
6890	38.53931
6910	38.53621
6930	38.53288
6950	38.52952
6970	38.52636
6990	38.52311
7010	38.51915
7030	38.51635
7050	38.51324
7070	38.50822
7090	38.50686
7110	38.50263
7130	38.49986
7150	38.49694
7170	38.49354
7190	38.48995
7210	38.48723
7230	38.48353
7250	38.48128
7270	38.47824
7290	38.47359
7310	38.4713
7330	38.46861
7350	38.46563
7370	38.46291
7390	38.45935
7410	38.45553
7430	38.4529
7450	38.45002
7470	38.4469
7490	38.44388
7510	38.44102
7530	38.43842
7550	38.43577
7570	38.43252
7590	38.42916
7610	38.42667
7630	38.42379
7650	38.42065
7670	38.4172
7690	38.41491
7710	38.41118
7730	38.40889
7750	38.40587
7770	38.40074
7790	38.4005
7810	38.39763
7830	38.39446
7850	38.39128
7870	38.38836
7890	38.38507
7910	38.38257
7930	38.37961
7950	38.37656
7970	38.37464
7990	38.37121
8010	38.36912
8030	38.36649
8050	38.36363
8070	38.36103
8090	38.35793
8110	38.35536
8130	38.35284
8150	38.34991
8170	38.34733
8190	38.34362
8210	38.26528
8230	38.26222
8250	38.25928
8270	38.25497
8290	38.25029
8310	38.24494
8330	38.24075
8350	38.24202
8370	38.23524
8390	38.2379
8410	38.23748
8430	38.24349
8450	38.24014
8470	38.22725
8490	38.2477
8510	38.21975
8530	38.24625
8550	38.20275
8570	38.24595
8590	38.22601
8610	38.21752
8630	38.23987
8650	38.231
8670	38.18523
8690	38.22895
8710	38.2306
8730	38.22403
8750	38.18243
8770	38.21503
8790	38.2201
8810	38.21722
8830	38.21339
8850	38.20015
8870	38.16718
8890	38.20412
8910	38.2038
8930	38.20121
8950	38.19965
8970	38.1966
8990	38.19073
9010	38.15251
9030	38.17179
9050	38.18476
9070	38.18077
9090	38.17758
9110	38.17755
9130	38.17599
9150	38.1736
9170	38.1704
9190	38.16702
9210	38.15799
9230	38.11528
9250	38.15083
9270	38.1541
9290	38.15506
9310	38.15254
9330	38.15027
9350	38.14705
9370	38.14502
9390	38.14252
9410	38.13763
9430	38.13733
9450	38.13481
9470	38.13203
9490	38.12984
9510	38.1254
9530	38.1162
9550	38.07713
9570	38.1142
9590	38.11655
9610	38.11401
9630	38.11082
9650	38.10985
9670	38.10656
9690	38.10501
9710	38.10252
9730	38.10043
9750	38.09769
9770	38.09546
9790	38.09311
9810	38.09079
9830	38.08842
9850	38.0857
9870	38.08338
9890	38.08053
9910	38.07856
9930	38.0761
9950	38.07398
9970	38.07166
9990	38.0691
10025	38.05617
10075	38.04397
10125	38.05143
10175	38.0471
10225	38.04165
10275	38.03631
10325	38.02951
10375	38.02457
10425	38.01908
10475	38.01261
10525	38.0076
10575	38.00223
10625	37.99649
10675	37.98901
10725	37.98497
10775	37.97977
10825	37.97314
10875	37.96859
10925	37.94448
10975	37.95464
11025	37.95349
11075	37.94881
11125	37.9433
11175	37.93805
11225	37.93317
11275	37.92637
11325	37.92132
11375	37.91732
11425	37.91166
11475	37.90773
11525	37.90276
11575	37.89753
11625	37.89106
11675	37.88597
11725	37.88288
11775	37.87591
11825	37.87202
11875	37.86632
11925	37.86344
11975	37.85659
12025	37.85332
12075	37.84817
12125	37.84368
12175	37.83931
12225	37.83448
12275	37.8295
12325	37.82489
12375	37.82027
12425	37.81575
12475	37.81094
12525	37.80611
12575	37.80113
12625	37.79674
12675	37.79242
12725	37.78798
12775	37.7816
12825	37.76043
12875	37.77331
12925	37.76947
12975	37.7649
13025	37.76064
13075	37.7563
13125	37.75156
13175	37.74675
13225	37.74282
13275	37.73804
13325	37.73383
13375	37.72935
13425	37.72507
13475	37.72066
13525	37.71608
13575	37.71136
13625	37.70723
13675	37.70286
13725	37.69768
13775	37.69402
13825	37.68973
13875	37.68562
13925	37.68112
13975	37.67701
14025	37.67242
14075	37.66846
14125	37.66381
14175	37.6598
14225	37.65504
14275	37.65062
14325	37.64681
14375	37.64279
14425	37.63624
14475	37.63406
14525	37.62859
14570	37.62572
14620	37.56507
14675	37.56132
14725	37.55657
14775	37.55186
14825	37.54763
14875	37.5423
14925	37.53915
14975	37.53605
15025	37.52933
15075	37.52722
15125	37.52483
15175	37.52244
15225	37.52317
15275	37.51323
15325	37.51141
15375	37.51341
15425	37.50248
15475	37.50721
15525	37.50447
15575	37.49001
15625	37.49981
15675	37.49148
15725	37.48092
15775	37.48787
15825	37.48487
15875	37.46565
15925	37.4766
15975	37.47522
16050	37.46835
16150	37.4548
16250	37.45603
16350	37.44719
16450	37.43319
16550	37.43493
16650	37.4276
16750	37.41874
16850	37.40515
16950	37.407
17050	37.3992
17150	37.39313
17250	37.38554
17350	37.36937
17450	37.37141
17550	37.36559
17650	37.35889
17750	37.35249
17850	37.34599
17950	37.33984
18050	37.33279
18150	37.31831
18250	37.319
18350	37.31393
18450	37.3074
18550	37.30113
18650	37.29422
18750	37.27892
18850	37.28204
18950	37.2753
19050	37.27029
19150	37.26419
19250	37.25811
19350	37.25158
19450	37.23732
19550	37.23959
19650	37.23394
19750	37.22777
19850	37.22209
19950	37.21621
20050	37.21051
20150	37.20475
20250	37.1986
20350	37.19259
20450	37.18723
20550	37.18127
20650	37.17534
20750	37.16966
20850	37.16397
20950	37.15801
21050	37.15248
21150	37.14642
21250	37.14082
21350	37.1352
21450	37.12968
21550	37.12385
21650	37.11075
21750	37.11206
21850	37.10673
21950	37.1013
22050	37.09532
22150	37.0897
22250	37.08416
22350	37.0785
22450	37.07288
22550	37.0669
22650	37.06141
22750	37.05582
22850	37.00666
22950	36.99964
23050	36.99656
23150	36.992
23250	36.98508
23350	36.98187
23450	36.97742
23550	36.97086
23650	36.96779
23750	36.96413
23850	36.95779
23950	36.95479
24050	36.9506
24150	36.94461
24250	36.94384
24350	36.93771
24450	36.93266
24550	36.93085
24650	36.9263
24750	36.92173
24850	36.91918
24950	36.91139
25050	36.91279
25150	36.90729
25250	36.89925
25350	36.90005
25450	36.89608
25550	36.89166
25650	36.88311
25750	36.88437
25850	36.87982
25950	36.87652
26050	36.87212
26150	36.86347
26250	36.85775
26350	36.86072
26450	36.85735
26550	36.85326
26650	36.84893
26750	36.84082
26850	36.84196
26950	36.83834
27050	36.83468
27150	36.83098
27250	36.82732
27350	36.82337
27450	36.81969
27550	36.8114
27650	36.8112
27750	36.80855
27850	36.80497
27950	36.80139
28050	36.79769
28150	36.79395
28250	36.79031
28350	36.78671
28450	36.78292
28550	36.77929
28650	36.77507
28750	36.76706
28850	36.76822
28950	36.76472
29050	36.76117
29150	36.75746
29250	36.75383
29350	36.75034
29450	36.74662
29550	36.74304
29650	36.73948
29750	36.73589
29850	36.73227
29950	36.72864
30050	36.72502
30150	36.72143
30250	36.71775
30350	36.71037
30450	36.70911
30550	36.70696
30650	36.7034
30750	36.69986
30850	36.69615
30950	36.69256
31050	36.689
31150	36.6852
31250	36.68178
31350	36.6782
31450	36.67456
31550	36.67092
31650	36.66738
31750	36.66373
31850	36.66016
31950	36.65656
32100	36.65109
32300	36.64384
32500	36.63653
32700	36.62918
32900	36.58691
33100	36.58379
33300	36.57874
33500	36.57347
33700	36.56805
33900	36.56273
34100	36.55742
34300	36.55233
34500	36.54715
34700	36.54204
34900	36.53681
35100	36.53181
35300	36.52666
35500	36.52143
35700	36.51624
35900	36.5121
36100	36.5061
36300	36.50215
36500	36.49599
36700	36.49216
36900	36.48581
37100	36.4821
37300	36.47641
37500	36.46949
37700	36.46743
37900	36.46258
38100	36.45677
38300	36.45231
38500	36.44798
38700	36.44304
38900	36.43811
39100	36.43189
39300	36.42848
39500	36.4236
39700	36.41877
39900	36.41375
40100	36.40845
40300	36.40306
40500	36.39743
40700	36.39436
40900	36.38949
41100	36.38466
41300	36.37975
41500	36.37479
41700	36.36845
41900	36.36493
42100	36.35998
42300	36.35514
42500	36.35013
42700	36.3452
42900	36.33961
43100	36.33425
43300	36.32958
43500	36.32393
43700	36.31757
43900	36.31361
44100	36.30806
44300	36.3032
44500	36.29796
44700	36.26869
44900	36.2674
45100	36.26553
45300	36.26344
45500	36.26205
45700	36.26046
45900	36.2584
46100	36.25722
46300	36.25552
46500	36.25246
46700	36.25117
46900	36.25105
47100	36.24963
47300	36.24845
47500	36.24696
47700	36.2456
47900	36.24426
48100	36.24282
48300	36.24174
48500	36.24039
48700	36.23906
48900	36.23788
49100	36.2366
49300	36.23541
49500	36.23423
49700	36.23309
49900	36.23192
50100	36.23087
50300	36.22974
50500	36.22854
50700	36.2275
50900	36.22648
51100	36.22532
51300	36.2233
51500	36.22332
51700	36.22248
51900	36.22142
52100	36.22042
52300	36.21949
52500	36.21861
52700	36.21778
52900	36.21672
53100	36.21583
53300	36.21499
53500	36.21413
53700	36.21328
53900	36.21247
54100	36.21163
54300	36.21076
54500	36.21003
54700	36.20919
54900	36.20844
55100	36.20766
55300	36.20701
55500	36.20614
55700	36.2055
55900	36.20472
56100	36.20404
56300	36.20329
56500	36.20266
56700	36.20196
56900	36.20124
57100	36.20063
57300	36.19998
57500	36.19933
57700	36.19868
57900	36.19809
58100	36.19744
58300	36.19684
58500	36.19629
58700	36.19566
58900	36.19503
59100	36.19381
59300	36.19393
59500	36.19336
59700	36.19284
59900	36.19229
60100	36.19175
60300	36.19121
60500	36.19067
60700	36.19015
60900	36.18963
61100	36.18911
61300	36.18863
61500	36.18814
61700	36.18767
61900	36.18718
62100	36.18671
62300	36.18622
62500	36.18576
62700	36.1853
62900	36.18486
63100	36.1844
63300	36.18398
63500	36.18354
63700	36.18312
63900	36.18268
64200	36.18206
64600	36.18124
65000	36.18045
65400	36.17967
65800	36.17891
66200	36.17817
66600	36.17744
67000	36.17674
67400	36.17604
67800	36.17537
68200	36.17471
68600	36.17406
69000	36.17343
69400	36.17281
69800	36.17221
70200	36.17162
70600	36.17104
71000	36.17048
71400	36.16993
71800	36.16938
72200	36.16885
72600	36.16833
73000	36.16782
73400	36.16732
73800	36.16684
74200	36.16635
74600	36.16571
75000	36.16526
75400	36.16498
75800	36.16454
76200	36.1641
76600	36.16368
77000	36.16326
77400	36.16285
77800	36.16245
78200	36.16205
78600	36.16166
79000	36.16129
79400	36.16091
79800	36.16054
80200	36.16018
80600	36.15982
81000	36.15947
81400	36.15912
81800	36.15879
82200	36.15845
82600	36.15812
83000	36.1578
83400	36.15748
83800	36.15717
84200	36.15686
84600	36.15656
85000	36.15626
85400	36.15596
85800	36.15567
86200	36.15539
86600	36.15511
87000	36.15483
87400	36.15456
87800	36.15429
88200	36.15401
88600	36.15375
89000	36.15349
89400	36.15324
89800	36.15298
90200	36.15273
90600	36.15248
91000	36.15224
91400	36.15174
91800	36.15151
92200	36.15129
92600	36.15107
93000	36.15084
93400	36.15063
93800	36.15042
94200	36.1502
94600	36.14999
95000	36.14979
95400	36.14959
95800	36.14938
96200	36.14919
96600	36.14899
97000	36.14879
97400	36.1486
97800	36.14841
98200	36.14822
98600	36.14803
99000	36.14784
99400	36.14766
99800	36.14748
100200	36.1473
200000	36.11856
400000	36.06705
600000	36.00904
800000	35.94209
1000000	35.8629
1200000	35.766
1400000	35.64106
1600000	35.46496