1221 1
91	26.73715
94	27.11046
96	27.47216
98	27.68044
100	27.91958
102	28.21485
104	28.42109
106	28.62008
108	28.84736
110	29.13218
114	29.47642
118	29.81774
121	30.12069
125	30.39491
127	30.57323
128	30.6784
131	30.82095
132	30.96062
134	31.05861
137	31.23222
140	31.43621
143	31.64811
147	31.8568
151	32.06932
155	32.28436
159	32.45872
162	32.63606
166	32.8163
170	32.99053
173	33.11282
177	33.24543
180	33.37811
182	33.41523
186	33.58625
191	33.74438
194	33.84884
198	33.99099
202	34.08182
205	34.18431
210	34.34078
216	34.49023
220	34.58416
223	34.66054
227	34.74754
230	36.80524
234	38.26928
240	38.70526
246	39.02378
252	39.36718
257	39.33163
260	39.48174
264	39.78265
269	39.83446
274	39.85954
279	39.75061
284	39.91498
290	39.94494
296	39.86671
301	39.57312
308	39.70217
318	39.84536
328	39.8628
338	39.83016
348	39.80245
357	39.90994
366	40.04224
375	40.03474
385	39.9481
395	40.05789
405	40.1111
414	40.10807
422	40.0802
430	40.05606
441	40.10192
451	40.10541
460	40.06758
470	40.06366
480	40.08606
490	40.03926
500	40.08298
506	40.05473
512	40.18428
520	40.16121
530	40.13396
540	40.06978
550	40.0453
560	40.1246
570	40.13459
580	40.1187
590	40.11784
600	40.0792
610	40.05148
620	40.10384
630	40.07981
640	40.09547
650	40.07613
658	40.05055
665	40.07293
675	40.07495
685	40.03672
695	40.05637
705	40.00926
716	40.0456
726	40.04231
735	40.03689
745	40.02098
755	40.00961
765	39.97947
775	39.99295
785	39.96816
795	39.97397
805	39.97354
815	39.96962
825	39.96377
835	39.91565
845	39.94688
855	39.93425
865	39.93487
875	39.92844
885	39.919
895	39.91185
905	39.90015
915	39.85497
925	40.05903
935	40.18276
945	40.27252
955	40.30375
965	40.34299
975	40.1772
985	40.30336
995	40.26249
1005	40.2804
1015	40.27839
1025	40.17471
1035	40.26128
1045	40.28116
1055	40.26929
1065	40.24117
1075	40.24256
1085	40.20876
1095	40.22786
1105	40.21149
1115	40.20227
1125	40.17779
1135	40.18696
1145	40.17498
1155	40.16055
1165	40.14678
1175	40.08762
1185	40.12194
1195	40.10745
1205	40.09102
1215	39.99715
1225	40.07362
1235	40.07668
1245	40.06996
1255	40.06755
1265	40.0625
1275	40.0589
1285	40.05318
1295	40.03823
1305	40.02983
1315	40.03034
1325	40.01831
1335	40.00956
1345	40.00537
1355	39.99302
1365	39.97902
1375	39.96806
1385	39.96336
1395	39.90479
1405	39.86393
1415	39.94218
1425	39.9235
1435	39.92764
1442	39.91959
1447	39.91599
1455	39.90642
1465	39.90029
1475	39.8943
1485	39.89209
1495	39.88247
1505	39.87521
1512	39.86764
1517	39.86273
1525	39.857
1535	39.8319
1545	39.7855
1555	39.78733
1565	39.80705
1575	39.80926
1585	39.80352
1595	39.79754
1605	39.78098
1615	39.7709
1625	39.76608
1635	39.76032
1645	39.74445
1655	39.75391
1665	39.74749
1672	39.73204
1677	39.74698
1685	39.73866
1695	39.73038
1705	39.72033
1715	39.70723
1725	39.69957
1735	39.70184
1745	39.69376
1755	39.68562
1765	39.67868
1775	39.67108
1785	39.66663
1795	39.65822
1805	39.65284
1815	39.64354
1825	39.63755
1835	39.6321
1845	39.62112
1855	39.61512
1865	39.61015
1875	39.60392
1885	39.59282
1895	39.58636
1905	39.58442
1915	39.57569
1925	39.563
1935	39.5648
1945	39.56059
1955	39.54736
1967	39.54558
1976	39.54237
1984	39.5348
1995	39.52641
2005	39.52286
2015	39.51717
2025	39.51239
2035	39.50313
2045	39.4966
2055	39.41752
2065	39.43907
2074	39.48198
2078	39.47974
2085	39.47727
2095	39.4701
2105	39.46531
2115	39.4628
2125	39.45635
2135	39.45042
2145	39.44285
2155	39.44104
2165	39.42872
2175	39.42868
2185	39.41825
2195	39.4176
2205	39.41154
2215	39.40104
2225	39.40007
2235	39.39509
2245	39.38994
2255	39.37924
2265	39.37971
2275	39.37489
2285	39.36877
2295	39.35952
2305	39.35305
2315	39.35298
2325	39.34297
2335	39.34309
2345	39.33813
2355	39.33335
2365	39.32815
2375	39.32277
2385	39.30975
2395	39.31216
2405	39.3079
2415	39.3034
2425	39.29985
2435	39.29429
2445	39.29018
2455	39.28493
2465	39.28091
2475	39.27642
2485	39.2714
2495	39.24754
2505	39.26128
2513	39.24072
2518	39.25335
2525	39.25233
2535	39.24914
2545	39.24429
2555	39.24042
2565	39.23624
2575	39.2322
2585	39.22799
2595	39.22252
2605	39.21935
2615	39.2145
2625	39.21106
2635	39.20699
2645	39.20322
2655	39.19926
2665	39.1944
2675	39.18966
2685	39.18686
2695	39.18171
2705	39.17865
2715	39.17437
2725	39.17006
2735	39.15969
2745	39.16244
2755	39.1586
2765	39.15434
2775	39.1515
2785	39.14726
2795	39.14126
2805	39.13903
2815	39.13633
2825	39.13182
2835	39.12771
2845	39.12501
2855	39.12122
2865	39.11825
2875	39.11524
2885	39.11238
2895	39.10937
2910	39.10497
2930	39.09945
2950	39.0932
2970	39.08807
2990	39.08228
3010	39.0771
3030	39.07178
3050	39.06712
3070	39.06234
3090	39.05758
3110	39.05316
3130	39.0483
3150	39.04413
3170	39.03962
3190	39.03482
3210	39.02855
3230	39.02736
3250	39.0235
3270	39.01881
3290	39.01564
3310	39.01201
3330	39.00844
3350	39.0014
3370	38.99515
3390	38.98861
3410	38.98192
3430	38.97617
3450	38.97284
3470	38.97082
3490	38.96811
3510	38.96563
3530	38.96294
3550	38.96041
3570	38.95822
3590	38.95536
3610	38.95311
3630	38.95076
3640	38.94764
3650	38.6854
3670	38.67816
3690	38.66854
3710	38.6577
3730	38.64884
3750	38.64898
3770	38.64277
3790	38.64549
3810	38.65044
3830	38.62503
3850	38.64573
3870	38.64542
3890	38.60107
3910	38.63525
3930	38.62874
3950	38.62211
3970	38.57433
3990	38.60865
4010	38.60591
4030	38.59583
4050	38.59463
4070	38.58627
4090	38.56695
4110	38.53999
4130	38.5664
4150	38.56221
4170	38.55758
4190	38.55172
4210	38.54438
4230	38.54007
4250	38.5338
4270	38.52702
4290	38.52162
4310	38.51416
4330	38.49306
4350	38.47363
4370	38.49662
4390	38.49059
4410	38.48684
4430	38.48141
4450	38.47602
4470	38.4657
4490	38.4646
4510	38.45917
4530	38.4537
4550	38.4459
4570	38.44288
4590	38.43725
4610	38.43188
4630	38.42591
4650	38.41811
4670	38.41525
4690	38.40357
4710	38.40328
4730	38.39999
4750	38.39459
4770	38.38967
4790	38.38433
4810	38.37878
4830	38.3724
4850	38.3559
4870	38.33387
4890	38.35625
4910	38.35278
4930	38.34553
4950	38.34295
4970	38.33821
4990	38.33311
5010	38.32613
5030	38.32301
5050	38.31722
5070	38.31312
5090	38.30812
5110	38.30312
5130	38.29807
5150	38.29313
5170	38.28825
5190	38.28339
5210	38.27849
5230	38.27367
5250	38.2688
5270	38.26376
5290	38.25915
5310	38.2543
5330	38.24944
5350	38.24464
5370	38.23987
5390	38.23505
5410	38.22739
5430	38.22548
5450	38.22071
5470	38.21593
5490	38.2112
5510	38.20641
5530	38.20169
5550	38.19699
5570	38.19221
5590	38.18723
5610	38.18277
5630	38.17808
5650	38.17327
5670	38.16847
5690	38.16146
5710	38.14949
5730	38.14601
5750	38.14262
5770	38.14006
5790	38.13855
5810	38.1384
5830	38.13696
5850	38.13509
5870	38.12813
5890	38.12799
5910	38.12501
5930	38.12159
5950	38.11819
5970	38.11496
5990	38.11183
6010	38.10831
6030	38.10498
6050	38.10207
6070	38.0985
6090	38.09565
6110	38.09226
6130	38.0891
6150	38.08602
6170	38.08252
6190	38.07987
6210	38.07677
6230	38.07322
6250	38.07055
6270	38.06757
6290	38.06454
6310	38.06099
6330	38.05853
6350	38.05539
6370	38.0525
6390	38.04962
6410	38.04612
6430	38.04379
6450	38.04084
6470	38.0379
6490	38.03498
6510	38.03202
6530	38.02797
6550	38.0209
6570	38.00332
6590	38.01915
6610	38.01788
6630	38.01537
6650	38.01273
6670	38.00902
6690	38.00561
6710	38.00455
6730	38.00187
6750	37.99921
6770	37.99659
6790	37.99386
6810	37.99129
6830	37.98866
6850	37.98606
6870	37.98346
6890	37.98012
6910	37.97827
6930	37.97572
6950	37.97318
6970	37.97065
6990	37.96812
7010	37.96557
7030	37.96299
7050	37.96048
7070	37.95665
7090	37.9555
7110	37.95292
7130	37.95045
7150	37.94803
7170	37.94492
7190	37.94295
7210	37.94068
7230	37.93795
7250	37.93579
7270	37.9334
7290	37.93034
7310	37.92856
7330	37.92619
7350	37.92382
7370	37.92143
7390	37.91906
7410	37.91669
7430	37.91436
7450	37.91201
7470	37.90968
7490	37.90732
7510	37.90505
7530	37.90277
7550	37.90047
7570	37.89818
7590	37.89505
7610	37.89361
7630	37.89136
7650	37.88911
7670	37.88686
7690	37.88456
7710	37.88235
7730	37.8801
7750	37.87791
7770	37.87553
7790	37.87349
7810	37.87128
7830	37.8691
7850	37.86688
7870	37.8646
7890	37.8624
7910	37.86031
7930	37.85814
7950	37.85598
7970	37.8538
7990	37.85169
8010	37.84953
8030	37.84742
8050	37.84531
8070	37.84324
8090	37.84101
8110	37.83889
8130	37.8369
8150	37.83467
8170	37.83267
8190	37.83022
8210	37.62568
8230	37.62289
8250	37.62138
8270	37.61889
8290	37.61698
8310	37.61481
8330	37.61267
8350	37.6103
8370	37.60887
8390	37.60696
8410	37.60522
8430	37.60416
8450	37.60159
8470	37.59932
8490	37.59844
8510	37.59536
8530	37.59451
8550	37.58958
8570	37.59169
8590	37.58558
8610	37.58381
8630	37.5865
8650	37.58174
8670	37.57359
8690	37.5798
8710	37.57949
8730	37.57476
8750	37.5635
8770	37.56891
8790	37.57164
8810	37.56996
8830	37.56727
8850	37.55901
8870	37.55013
8890	37.55958
8910	37.56004
8930	37.55833
8950	37.55682
8970	37.55427
8990	37.54963
9010	37.53605
9030	37.5396
9050	37.54517
9070	37.54403
9090	37.54293
9110	37.54108
9130	37.53952
9150	37.53753
9170	37.53514
9190	37.53249
9210	37.52627
9230	37.51179
9250	37.52201
9270	37.52457
9290	37.52394
9310	37.52206
9330	37.52055
9350	37.51705
9370	37.51656
9390	37.51506
9410	37.5131
9430	37.51136
9450	37.5095
9470	37.50715
9490	37.50544
9510	37.50196
9530	37.49569
9550	37.48264
9570	37.49409
9590	37.49568
9610	37.49461
9630	37.49287
9650	37.49157
9670	37.48983
9690	37.48806
9710	37.48602
9730	37.48462
9750	37.48289
9770	37.48075
9790	37.47944
9810	37.47771
9830	37.47599
9850	37.47429
9870	37.47257
9890	37.47085
9910	37.46909
9930	37.46745
9950	37.46571
9970	37.46394
9990	37.46205
10025	37.45447
10075	37.44866
10125	37.44932
10175	37.44713
10225	37.44308
10275	37.43908
10325	37.43481
10375	37.4311
10425	37.42697
10475	37.42321
10525	37.41932
10575	37.41545
10625	37.41158
10675	37.40759
10725	37.40391
10775	37.40011
10825	37.39557
10875	37.39213
10925	37.38102
10975	37.38266
11025	37.38104
11075	37.37776
11125	37.37413
11175	37.37054
11225	37.36687
11275	37.36323
11325	37.35963
11375	37.3561
11425	37.35251
11475	37.34898
11525	37.34544
11575	37.34189
11625	37.33776
11675	37.33459
11725	37.33135
11775	37.3278
11825	37.32436
11875	37.32088
11925	37.31744
11975	37.31363
12025	37.31054
12075	37.30709
12125	37.30366
12175	37.30024
12225	37.29682
12275	37.29339
12325	37.28999
12375	37.28659
12425	37.28319
12475	37.27979
12525	37.27632
12575	37.27299
12625	37.26961
12675	37.26621
12725	37.26274
12775	37.25817
12825	37.2501
12875	37.25208
12925	37.24926
12975	37.24575
13025	37.24258
13075	37.23922
13125	37.23582
13175	37.23244
13225	37.22908
13275	37.22568
13325	37.2223
13375	37.2189
13425	37.21548
13475	37.2121
13525	37.20871
13575	37.20529
13625	37.20187
13675	37.19846
13725	37.19503
13775	37.19162
13825	37.18818
13875	37.18475
13925	37.18128
13975	37.17783
14025	37.17436
14075	37.17089
14125	37.16742
14175	37.16393
14225	37.16042
14275	37.15691
14325	37.15339
14375	37.14986
14425	37.1463
14475	37.14277
14525	37.13919
14570	37.13599
14620	36.99704
14675	36.99453
14725	36.99222
14775	36.9896
14825	36.98769
14875	36.98542
14925	36.98321
14975	36.98095
15025	36.97869
15075	36.97638
15125	36.97422
15175	36.97197
15225	36.96973
15275	36.96749
15325	36.96525
15375	36.96314
15425	36.96077
15475	36.95883
15525	36.95662
15575	36.95414
15625	36.95269
15675	36.95
15725	36.94764
15775	36.94646
15825	36.94422
15875	36.94075
15925	36.93972
15975	36.93839
16050	36.93476
16150	36.92984
16250	36.92704
16350	36.92225
16450	36.91737
16550	36.91481
16650	36.91077
16750	36.90592
16850	36.901
16950	36.89866
17050	36.89454
17150	36.89072
17250	36.8866
17350	36.88052
17450	36.87843
17550	36.87483
17650	36.8709
17750	36.86696
17850	36.86301
17950	36.85908
18050	36.85505
18150	36.84916
18250	36.84674
18350	36.84333
18450	36.83943
18550	36.83548
18650	36.83095
18750	36.82539
18850	36.82357
18950	36.81974
19050	36.81573
19150	36.81187
19250	36.8079
19350	36.80376
19450	36.79787
19550	36.79578
19650	36.79199
19750	36.788
19850	36.78399
19950	36.77996
20050	36.77593
20150	36.77188
20250	36.76782
20350	36.76374
20450	36.75964
20550	36.7555
20650	36.75141
20750	36.74726
20850	36.74311
20950	36.73892
21050	36.73473
21150	36.73042
21250	36.72626
21350	36.72199
21450	36.71769
21550	36.71326
21650	36.70729
21750	36.70447
21850	36.70028
21950	36.6959
22050	36.69146
22150	36.68699
22250	36.68249
22350	36.67796
22450	36.6734
22550	36.6688
22650	36.66417
22750	36.65951
22850	36.5746
22950	36.5722
23050	36.56979
23150	36.5674
23250	36.56501
23350	36.56263
23450	36.56024
23550	36.55786
23650	36.55548
23750	36.5531
23850	36.55072
23950	36.54835
24050	36.54597
24150	36.54359
24250	36.54122
24350	36.53885
24450	36.53647
24550	36.53411
24650	36.53172
24750	36.52934
24850	36.52703
24950	36.52456
25050	36.5224
25150	36.51997
25250	36.51739
25350	36.51519
25450	36.51288
25550	36.51042
25650	36.5078
25750	36.5057
25850	36.50338
25950	36.50097
26050	36.49842
26150	36.49569
26250	36.49239
26350	36.49123
26450	36.489
26550	36.48659
26650	36.48408
26750	36.48126
26850	36.47925
26950	36.47694
27050	36.47453
27150	36.4721
27250	36.46965
27350	36.4672
27450	36.46468
27550	36.46174
27650	36.45956
27750	36.45733
27850	36.45488
27950	36.4524
28050	36.44992
28150	36.44742
28250	36.44492
28350	36.4424
28450	36.43988
28550	36.43732
28650	36.43459
28750	36.4316
28850	36.42963
28950	36.42714
29050	36.42458
29150	36.42201
29250	36.41941
29350	36.41682
29450	36.41421
29550	36.41159
29650	36.40897
29750	36.40633
29850	36.40368
29950	36.40102
30050	36.39835
30150	36.39566
30250	36.39291
30350	36.38969
30450	36.38719
30550	36.38479
30650	36.38208
30750	36.37933
30850	36.37657
30950	36.37379
31050	36.371
31150	36.3682
31250	36.36538
31350	36.36255
31450	36.3597
31550	36.35685
31650	36.35397
31750	36.35108
31850	36.34818
31950	36.34526
32100	36.34085
32300	36.33492
32500	36.32892
32700	36.32285
32900	36.2694
33100	36.26654
33300	36.26344
33500	36.26021
33700	36.25697
33900	36.25371
34100	36.25045
34300	36.24717
34500	36.24389
34700	36.24059
34900	36.23728
35100	36.23396
35300	36.23062
35500	36.22727
35700	36.22391
35900	36.22054
36100	36.21713
36300	36.21373
36500	36.2103
36700	36.20687
36900	36.20339
37100	36.19992
37300	36.19625
37500	36.19263
37700	36.1894
37900	36.18586
38100	36.18225
38300	36.17867
38500	36.17509
38700	36.17146
38900	36.16778
39100	36.16403
39300	36.1604
39500	36.15668
39700	36.15293
39900	36.14915
40100	36.14528
40300	36.14142
40500	36.13734
40700	36.13375
40900	36.12986
41100	36.12592
41300	36.12193
41500	36.11792
41700	36.11377
41900	36.10981
42100	36.10573
42300	36.1016
42500	36.09743
42700	36.09324
42900	36.08899
43100	36.08472
43300	36.08041
43500	36.07605
43700	36.07153
43900	36.06719
44100	36.06278
44300	36.05827
44500	36.05372
44700	36.01922
44900	36.01896
45100	36.0187
45300	36.01845
45500	36.0182
45700	36.01796
45900	36.01772
46100	36.01748
46300	36.01723
46500	36.01672
46700	36.0166
46900	36.01654
47100	36.01636
47300	36.01615
47500	36.01594
47700	36.01573
47900	36.01553
48100	36.01533
48300	36.01513
48500	36.01494
48700	36.01475
48900	36.01456
49100	36.01437
49300	36.01419
49500	36.01401
49700	36.01384
49900	36.01366
50100	36.01349
50300	36.01332
50500	36.01315
50700	36.01299
50900	36.01283
51100	36.01264
51300	36.01235
51500	36.01234
51700	36.0122
51900	36.01205
52100	36.01189
52300	36.01175
52500	36.0116
52700	36.01146
52900	36.01132
53100	36.01118
53300	36.01104
53500	36.0109
53700	36.01077
53900	36.01063
54100	36.0105
54300	36.01037
54500	36.01024
54700	36.01011
54900	36.00999
55100	36.00986
55300	36.00974
55500	36.00962
55700	36.00949
55900	36.00938
56100	36.00926
56300	36.00914
56500	36.00903
56700	36.00891
56900	36.0088
57100	36.00869
57300	36.00858
57500	36.00847
57700	36.00836
57900	36.00825
58100	36.00814
58300	36.00804
58500	36.00794
58700	36.00784
58900	36.00772
59100	36.00752
59300	36.00752
59500	36.00743
59700	36.00733
59900	36.00724
60100	36.00714
60300	36.00704
60500	36.00695
60700	36.00685
60900	36.00676
61100	36.00666
61300	36.00657
61500	36.00648
61700	36.00639
61900	36.0063
62100	36.00621
62300	36.00613
62500	36.00604
62700	36.00595
62900	36.00586
63100	36.00578
63300	36.00569
63500	36.00561
63700	36.00552
63900	36.00544
64200	36.00532
64600	36.00515
65000	36.00499
65400	36.00483
65800	36.00468
66200	36.00452
66600	36.00437
67000	36.00422
67400	36.00407
67800	36.00392
68200	36.00377
68600	36.00363
69000	36.00349
69400	36.00335
69800	36.0032
70200	36.00307
70600	36.00293
71000	36.00279
71400	36.00266
71800	36.00253
72200	36.00239
72600	36.00226
73000	36.00213
73400	36.002
73800	36.00187
74200	36.00174
74600	36.00159
75000	36.00146
75400	36.00137
75800	36.00125
76200	36.00112
76600	36.001
77000	36.00088
77400	36.00076
77800	36.00064
78200	36.00052
78600	36.0004
79000	36.00029
79400	36.00017
79800	36.00005
80200	35.99994
80600	35.99982
81000	35.99971
81400	35.99959
81800	35.99948
82200	35.99937
82600	35.99926
83000	35.99914
83400	35.99903
83800	35.99892
84200	35.99881
84600	35.9987
85000	35.99859
85400	35.99848
85800	35.99837
86200	35.99826
86600	35.99816
87000	35.99805
87400	35.99794
87800	35.99783
88200	35.99773
88600	35.99762
89000	35.99752
89400	35.99741
89800	35.99731
90200	35.9972
90600	35.9971
91000	35.99699
91400	35.99689
91800	35.99678
92200	35.99668
92600	35.99658
93000	35.99648
93400	35.99637
93800	35.99627
94200	35.99617
94600	35.99606
95000	35.99596
95400	35.99586
95800	35.99576
96200	35.99566
96600	35.99556
97000	35.99545
97400	35.99535
97800	35.99525
98200	35.99515
98600	35.99505
99000	35.99495
99400	35.99485
99800	35.99475
100200	35.99465
200000	35.97073
400000	35.91954
600000	35.86155
800000	35.79461
1000000	35.71542
1200000	35.61851
1400000	35.49357
1600000	35.31748
