1221 1
91	38.33213
94	38.39997
96	38.44822
98	38.49114
100	38.51932
102	38.53769
104	38.54008
106	38.54096
108	38.54234
110	38.54493
114	38.54916
118	38.55253
121	38.55549
125	38.55867
127	38.56015
128	38.55927
131	38.5558
132	38.55462
134	38.54857
137	38.53704
140	38.52667
143	38.51828
147	38.50389
151	38.49096
155	38.47844
159	38.46407
162	38.45506
166	38.44103
170	38.42726
173	38.4177
177	38.40495
180	38.39914
182	38.39685
186	38.39549
191	38.39099
194	38.38735
198	38.38442
202	38.39211
205	38.40505
210	38.42947
216	38.51351
220	38.57968
223	38.68629
227	38.9391
230	39.55437
234	39.55223
240	39.54697
246	39.54296
252	39.53787
257	39.53388
260	39.53219
264	39.5414
269	39.53879
274	39.53666
279	39.52094
284	39.53028
290	39.53485
296	39.52116
301	39.5299
308	39.55136
318	39.53373
328	39.54347
338	39.53889
348	39.52813
357	39.61865
366	39.77832
375	39.76342
385	39.68657
395	39.85033
405	39.94903
414	39.94302
422	39.8945
430	39.87638
441	39.93822
451	39.94211
460	39.87895
470	39.88776
480	39.94296
490	39.85328
500	39.95621
506	39.85678
512	40.10377
520	40.07935
530	40.03637
540	39.9477
550	39.93521
560	40.05178
570	40.10931
580	40.09137
590	40.09321
600	39.98788
610	39.98734
620	40.09305
630	40.06266
640	40.09885
650	40.0739
658	40.02304
665	40.08068
675	40.10384
685	40.01195
695	40.08728
705	39.96256
716	40.09425
726	40.09212
735	40.08875
745	40.06427
755	40.05649
765	39.99603
775	40.04608
785	39.99802
795	40.03037
805	40.03387
815	40.02998
825	40.03291
835	39.90363
845	40.01019
855	39.99739
865	40.01018
875	40.00683
885	40.00397
895	40.0001
905	39.9832
915	39.99015
925	40.2997
935	40.47722
945	40.57515
955	40.62722
965	40.64391
975	40.24883
985	40.50433
995	40.49329
1005	40.59138
1015	40.60921
1025	40.48167
1035	40.55154
1045	40.67591
1055	40.6524
1065	40.56899
1075	40.60546
1085	40.54592
1095	40.61078
1105	40.58738
1115	40.57186
1125	40.50735
1135	40.58514
1145	40.56012
1155	40.55711
1165	40.54364
1175	40.35775
1185	40.51445
1195	40.44359
1205	40.37552
1215	40.31438
1225	40.43169
1235	40.509
1245	40.51857
1255	40.50104
1265	40.48093
1275	40.5345
1285	40.54271
1295	40.46973
1305	40.46669
1315	40.5278
1325	40.50666
1335	40.47164
1345	40.51011
1355	40.49401
1365	40.45655
1375	40.45612
1385	40.44779
1395	40.32227
1405	40.31007
1415	40.41067
1425	40.40068
1435	40.41337
1442	40.41966
1447	40.42204
1455	40.40334
1465	40.37368
1475	40.37733
1485	40.38188
1495	40.37756
1505	40.35271
1512	40.31289
1517	40.33129
1525	40.31843
1535	40.24827
1545	40.21596
1555	40.20969
1565	40.25171
1575	40.27832
1585	40.29152
1595	40.29206
1605	40.28037
1615	40.27235
1625	40.25949
1635	40.2793
1645	40.2808
1655	40.26161
1665	40.278
1672	40.23162
1677	40.29151
1685	40.29166
1695	40.26691
1705	40.25297
1715	40.2258
1725	40.21685
1735	40.23874
1745	40.2298
1755	40.24279
1765	40.21784
1775	40.21004
1785	40.21755
1795	40.23031
1805	40.22816
1815	40.19339
1825	40.19844
1835	40.18653
1845	40.15358
1855	40.15521
1865	40.16138
1875	40.18026
1885	40.14441
1895	40.12701
1905	40.14894
1915	40.12878
1925	40.11211
1935	40.13152
1945	40.14043
1955	40.10384
1967	40.1373
1976	40.14702
1984	40.1238
1995	40.11094
2005	40.12252
2015	40.10942
2025	40.12224
2035	40.0941
2045	40.10333
2055	40.05573
2065	40.06918
2074	40.10917
2078	40.08063
2085	40.09339
2095	40.06971
2105	40.0727
2115	40.07616
2125	40.07653
2135	40.05495
2145	40.0523
2155	40.06438
2165	40.05099
2175	40.04784
2185	40.03498
2195	40.04854
2205	40.03848
2215	40.02077
2225	40.00898
2235	40.01995
2245	40.00687
2255	39.99104
2265	39.99777
2275	40.00038
2285	40.00111
2295	39.973
2305	39.97711
2315	39.9609
2325	39.89039
2335	39.93726
2345	39.93089
2355	39.94217
2365	39.92068
2375	39.92037
2385	39.89925
2395	39.91374
2405	39.90095
2415	39.9039
2425	39.91357
2435	39.89844
2445	39.90957
2455	39.90285
2465	39.89864
2475	39.88731
2485	39.88865
2495	39.82526
2505	39.88608
2513	39.85657
2518	39.87142
2525	39.86052
2535	39.86032
2545	39.84946
2555	39.86084
2565	39.85401
2575	39.86417
2585	39.85856
2595	39.85205
2605	39.84246
2615	39.83524
2625	39.84213
2635	39.84256
2645	39.85564
2655	39.85397
2665	39.82768
2675	39.83546
2685	39.83161
2695	39.81763
2705	39.81911
2715	39.80788
2725	39.80811
2735	39.81439
2745	39.78384
2755	39.78362
2765	39.78668
2775	39.79647
2785	39.78557
2795	39.73383
2805	39.75003
2815	39.7846
2825	39.7884
2835	39.77116
2845	39.76725
2855	39.76077
2865	39.77253
2875	39.76548
2885	39.76378
2895	39.75541
2910	39.76598
2930	39.75539
2950	39.74669
2970	39.74398
2990	39.73854
3010	39.7356
3030	39.7301
3050	39.72475
3070	39.71904
3090	39.71402
3110	39.70682
3130	39.69987
3150	39.69777
3170	39.68958
3190	39.67666
3210	39.67714
3230	39.66751
3250	39.66765
3270	39.66532
3290	39.66057
3310	39.65684
3330	39.64923
3350	39.64118
3370	39.63308
3390	39.62829
3410	39.62497
3430	39.61853
3450	39.61481
3470	39.60994
3490	39.60582
3510	39.60435
3530	39.59928
3550	39.59703
3570	39.58533
3590	39.57899
3610	39.57751
3630	39.57513
3640	39.57326
3650	39.53102
3670	39.52221
3690	39.49569
3710	39.51406
3730	39.51263
3750	39.56935
3770	39.57818
3790	39.62391
3810	39.661
3830	39.58437
3850	39.67453
3870	39.69727
3890	39.55629
3910	39.69533
3930	39.64743
3950	39.67439
3970	39.51245
3990	39.67701
4010	39.69838
4030	39.69068
4050	39.68927
4070	39.67154
4090	39.62395
4110	39.549
4130	39.65119
4150	39.66247
4170	39.65903
4190	39.65505
4210	39.65195
4230	39.64231
4250	39.64065
4270	39.62616
4290	39.62546
4310	39.60125
4330	39.55236
4350	39.5076
4370	39.6093
4390	39.60332
4410	39.60315
4430	39.60054
4450	39.60135
4470	39.59615
4490	39.59388
4510	39.60599
4530	39.58585
4550	39.58124
4570	39.59164
4590	39.57703
4610	39.57874
4630	39.56589
4650	39.56543
4670	39.56679
4690	39.55638
4710	39.54245
4730	39.55148
4750	39.55107
4770	39.54744
4790	39.54164
4810	39.53265
4830	39.52624
4850	39.46622
4870	39.40242
4890	39.5048
4910	39.51052
4930	39.50163
4950	39.50795
4970	39.50317
4990	39.48822
5010	39.47074
5030	39.47944
5050	39.47184
5070	39.47837
5090	39.46647
5110	39.46534
5130	39.45471
5150	39.44579
5170	39.43359
5190	39.43448
5210	39.43596
5230	39.44072
5250	39.4447
5270	39.42008
5290	39.44028
5310	39.44284
5330	39.41983
5350	39.43343
5370	39.42941
5390	39.41982
5410	39.41348
5430	39.4131
5450	39.41615
5470	39.4066
5490	39.40274
5510	39.39891
5530	39.40171
5550	39.40207
5570	39.39646
5590	39.38951
5610	39.39286
5630	39.38649
5650	39.38517
5670	39.37743
5690	39.38226
5710	39.37115
5730	39.38557
5750	39.37154
5770	39.37272
5790	39.3601
5810	39.36761
5830	39.37246
5850	39.36191
5870	39.3562
5890	39.32303
5910	39.34874
5930	39.34877
5950	39.34472
5970	39.34773
5990	39.33825
6010	39.33303
6030	39.33852
6050	39.33941
6070	39.33763
6090	39.32433
6110	39.32265
6130	39.30726
6150	39.30841
6170	39.29863
6190	39.30944
6210	39.3036
6230	39.29253
6250	39.27998
6270	39.29135
6290	39.29531
6310	39.28432
6330	39.2864
6350	39.27895
6370	39.27628
6390	39.28187
6410	39.27488
6430	39.2746
6450	39.27027
6470	39.26944
6490	39.25827
6510	39.26443
6530	39.25692
6550	39.23144
6570	39.18338
6590	39.246
6610	39.25367
6630	39.25084
6650	39.25016
6670	39.24038
6690	39.24182
6710	39.22896
6730	39.23444
6750	39.22745
6770	39.22728
6790	39.22055
6810	39.22184
6830	39.22291
6850	39.21418
6870	39.21763
6890	39.22136
6910	39.21784
6930	39.21207
6950	39.20902
6970	39.21158
6990	39.20671
7010	39.19946
7030	39.2046
7050	39.20779
7070	39.19725
7090	39.18391
7110	39.16746
7130	39.16088
7150	39.16035
7170	39.16236
7190	39.15481
7210	39.16051
7230	39.16499
7250	39.16664
7270	39.16671
7290	39.1601
7310	39.16628
7330	39.16662
7350	39.16651
7370	39.1735
7390	39.16666
7410	39.16462
7430	39.16698
7450	39.16768
7470	39.16658
7490	39.16386
7510	39.16832
7530	39.17183
7550	39.17173
7570	39.16787
7590	39.1635
7610	39.1605
7630	39.15492
7650	39.14935
7670	39.13448
7690	39.13933
7710	39.13272
7730	39.12998
7750	39.12761
7770	39.12758
7790	39.1338
7810	39.13083
7830	39.12565
7850	39.11711
7870	39.1235
7890	39.11059
7910	39.10339
7930	39.10617
7950	39.09939
7970	39.11225
7990	39.11098
8010	39.11436
8030	39.11256
8050	39.11147
8070	39.10886
8090	39.10136
8110	39.10075
8130	39.10764
8150	39.10679
8170	39.1091
8190	39.10053
8210	39.09006
8230	39.09576
8250	39.09485
8270	39.10048
8290	39.09542
8310	39.07761
8330	39.07625
8350	39.07558
8370	39.07803
8390	39.06441
8410	39.07463
8430	39.05339
8450	39.04212
8470	39.04205
8490	39.04235
8510	39.01669
8530	39.03796
8550	38.96234
8570	39.05948
8590	39.04573
8610	39.04757
8630	39.06982
8650	39.05688
8670	38.96762
8690	39.0526
8710	39.07373
8730	39.07047
8750	39.03847
8770	39.06712
8790	39.07671
8810	39.06728
8830	39.06841
8850	39.06223
8870	39.03518
8890	39.06961
8910	39.07936
8930	39.06805
8950	39.06866
8970	39.06804
8990	39.06374
9010	39.02473
9030	39.04535
9050	39.07169
9070	39.06897
9090	39.05379
9110	39.05809
9130	39.06781
9150	39.0629
9170	39.06049
9190	39.06356
9210	39.03696
9230	39.00904
9250	39.02718
9270	39.03495
9290	39.036
9310	39.04159
9330	39.03857
9350	39.0368
9370	39.02929
9390	39.03418
9410	39.0197
9430	39.0325
9450	39.02277
9470	39.03122
9490	39.0312
9510	39.02344
9530	39.01583
9550	38.98149
9570	39.00842
9590	39.02509
9610	39.0187
9630	39.01831
9650	39.01136
9670	39.0088
9690	39.01714
9710	39.01242
9730	39.00987
9750	39.00616
9770	39.00739
9790	38.9997
9810	39.01134
9830	39.00424
9850	39.00885
9870	39.00477
9890	39.00288
9910	38.99999
9930	39.00022
9950	38.99854
9970	38.99871
9990	38.99508
10025	38.98173
10075	38.96913
10125	38.98166
10175	38.97507
10225	38.97379
10275	38.97224
10325	38.96262
10375	38.957
10425	38.95641
10475	38.95015
10525	38.94863
10575	38.94107
10625	38.93866
10675	38.92627
10725	38.92526
10775	38.92032
10825	38.9119
10875	38.90935
10925	38.89684
10975	38.89879
11025	38.90377
11075	38.90065
11125	38.89644
11175	38.89046
11225	38.88796
11275	38.87778
11325	38.87518
11375	38.87124
11425	38.86481
11475	38.86927
11525	38.86547
11575	38.8571
11625	38.84864
11675	38.8463
11725	38.84937
11775	38.83856
11825	38.83466
11875	38.82602
11925	38.83275
11975	38.81441
12025	38.82305
12075	38.81542
12125	38.81405
12175	38.8144
12225	38.80954
12275	38.80492
12325	38.79995
12375	38.79881
12425	38.79364
12475	38.79149
12525	38.78503
12575	38.78268
12625	38.77946
12675	38.77219
12725	38.77129
12775	38.76837
12825	38.73897
12875	38.75611
12925	38.74929
12975	38.75505
13025	38.74571
13075	38.7487
13125	38.73757
13175	38.73644
13225	38.73614
13275	38.727
13325	38.73062
13375	38.7236
13425	38.72659
13475	38.72157
13525	38.71938
13575	38.71061
13625	38.7081
13675	38.70859
13725	38.70856
13775	38.70482
13825	38.70466
13875	38.69862
13925	38.69983
13975	38.69891
14025	38.68973
14075	38.69338
14125	38.68536
14175	38.68965
14225	38.68126
14275	38.67085
14325	38.67952
14375	38.67905
14425	38.66285
14475	38.67221
14525	38.66491
14570	38.66733
14620	38.66223
14675	38.66082
14725	38.65108
14775	38.6527
14825	38.65094
14875	38.64523
14925	38.65516
14975	38.64549
15025	38.64126
15075	38.63506
15125	38.63995
15175	38.63924
15225	38.63656
15275	38.63846
15325	38.63317
15375	38.63717
15425	38.63245
15475	38.63183
15525	38.6231
15575	38.59892
15625	38.61419
15675	38.60548
15725	38.61757
15775	38.58096
15825	38.59007
15875	38.57922
15925	38.59274
15975	38.58392
16050	38.58354
16150	38.57996
16250	38.57384
16350	38.58464
16450	38.55156
16550	38.57164
16650	38.54502
16750	38.55389
16850	38.52938
16950	38.54362
17050	38.52818
17150	38.52925
17250	38.51846
17350	38.49719
17450	38.50658
17550	38.49339
17650	38.49401
17750	38.48075
17850	38.47956
17950	38.47232
18050	38.45805
18150	38.45203
18250	38.44607
18350	38.43734
18450	38.42999
18550	38.42616
18650	38.41154
18750	38.40118
18850	38.39966
18950	38.3796
19050	38.39254
19150	38.38101
19250	38.37751
19350	38.36183
19450	38.35105
19550	38.35526
19650	38.34683
19750	38.33587
19850	38.33344
19950	38.3279
20050	38.32761
20150	38.32115
20250	38.30598
20350	38.30123
20450	38.30329
20550	38.29381
20650	38.28588
20750	38.28096
20850	38.27246
20950	38.2635
21050	38.26378
21150	38.25426
21250	38.24649
21350	38.24599
21450	38.23857
21550	38.22989
21650	38.21891
21750	38.21338
21850	38.20957
21950	38.20496
22050	38.19121
22150	38.1942
22250	38.17956
22350	38.17459
22450	38.16865
22550	38.16462
22650	38.15154
22750	38.15366
22850	38.13893
22950	38.06464
23050	38.09573
23150	38.08879
23250	38.02328
23350	38.05718
23450	38.03939
23550	37.97705
23650	38.0218
23750	38.00258
23850	37.95404
23950	37.99147
24050	37.98271
24150	37.93875
24250	37.96852
24350	37.96169
24450	37.93571
24550	37.93721
24650	37.95121
24750	37.93485
24850	37.91294
24950	37.92675
25050	37.9411
25150	37.89977
25250	37.92049
25350	37.91763
25450	37.90969
25550	37.90041
25650	37.89967
25750	37.90476
25850	37.87878
25950	37.88389
26050	37.89075
26150	37.87746
26250	37.86752
26350	37.87503
26450	37.87192
26550	37.86364
26650	37.85306
26750	37.86368
26850	37.86032
26950	37.84277
27050	37.85061
27150	37.84504
27250	37.84592
27350	37.82727
27450	37.83285
27550	37.83049
27650	37.82288
27750	37.81012
27850	37.81547
27950	37.8161
28050	37.81044
28150	37.79835
28250	37.79857
28350	37.79889
28450	37.79215
28550	37.78556
28650	37.78149
28750	37.77633
28850	37.77382
28950	37.76941
29050	37.76451
29150	37.76184
29250	37.75162
29350	37.75391
29450	37.74638
29550	37.74184
29650	37.74059
29750	37.7364
29850	37.72939
29950	37.72489
30050	37.72005
30150	37.71789
30250	37.71099
30350	37.70324
30450	37.70227
30550	37.69736
30650	37.6928
30750	37.68936
30850	37.68134
30950	37.67777
31050	37.67595
31150	37.66711
31250	37.66515
31350	37.66042
31450	37.65538
31550	37.65023
31650	37.64335
31750	37.64156
31850	37.63607
31950	37.63216
32100	37.62383
32300	37.61272
32500	37.60272
32700	37.59171
32900	37.57709
33100	37.56843
33300	37.55865
33500	37.55048
33700	37.53986
33900	37.52993
34100	37.51957
34300	37.51215
34500	37.50355
34700	37.49363
34900	37.48517
35100	37.47727
35300	37.46672
35500	37.4596
35700	37.45045
35900	37.44153
36100	37.4345
36300	37.42629
36500	37.41571
36700	37.40743
36900	37.39544
37100	37.38574
37300	37.38029
37500	37.36689
37700	37.36493
37900	37.3561
38100	37.34921
38300	37.34251
38500	37.33548
38700	37.32418
38900	37.31654
39100	37.30869
39300	37.30176
39500	37.2898
39700	37.2826
39900	37.26962
40100	37.26444
40300	37.25882
40500	37.24929
40700	37.24347
40900	37.23605
41100	37.22859
41300	37.22173
41500	37.2129
41700	37.20406
41900	37.19681
42100	37.18838
42300	37.18456
42500	37.17493
42700	37.16941
42900	37.13547
43100	37.09916
43300	37.10572
43500	37.07514
43700	37.05885
43900	37.04602
44100	37.01713
44300	37.01477
44500	37.00393
44700	36.97783
44900	36.9853
45100	36.97052
45300	36.95498
45500	36.95905
45700	36.95239
45900	36.93297
46100	36.94165
46300	36.92938
46500	36.92234
46700	36.92326
46900	36.91564
47100	36.90669
47300	36.91301
47500	36.90201
47700	36.897
47900	36.89348
48100	36.88136
48300	36.88892
48500	36.87996
48700	36.87066
48900	36.86669
49100	36.86155
49300	36.85655
49500	36.8481
49700	36.85097
49900	36.84438
50100	36.84103
50300	36.83629
50500	36.8261
50700	36.82589
50900	36.82024
51100	36.81376
51300	36.81065
51500	36.80466
51700	36.80729
51900	36.80022
52100	36.79651
52300	36.7896
52500	36.78868
52700	36.79149
52900	36.77922
53100	36.77249
53300	36.77312
53500	36.76836
53700	36.76458
53900	36.7617
54100	36.75809
54300	36.75008
54500	36.75181
54700	36.74254
54900	36.74233
55100	36.73441
55300	36.74257
55500	36.7275
55700	36.7298
55900	36.7222
56100	36.72328
56300	36.71288
56500	36.71399
56700	36.70918
56900	36.69972
57100	36.70208
57300	36.69825
57500	36.69345
57700	36.68921
57900	36.68864
58100	36.68253
58300	36.6792
58500	36.6753
58700	36.66823
58900	36.66562
59100	36.66095
59300	36.65998
59500	36.6539
59700	36.65333
59900	36.64977
60100	36.64597
60300	36.64196
60500	36.63631
60700	36.63321
60900	36.62889
61100	36.62484
61300	36.62299
61500	36.62032
61700	36.61853
61900	36.61383
62100	36.61182
62300	36.60631
62500	36.60106
62700	36.59774
62900	36.59493
63100	36.59111
63300	36.58987
63500	36.58514
63700	36.58384
63900	36.57765
64200	36.57395
64600	36.56599
65000	36.5593
65400	36.55205
65800	36.54595
66200	36.53827
66600	36.53143
67000	36.52453
67400	36.51688
67800	36.50987
68200	36.50246
68600	36.49651
69000	36.48952
69400	36.48318
69800	36.47648
70200	36.46968
70600	36.46392
71000	36.45728
71400	36.4513
71800	36.445
72200	36.43917
72600	36.43312
73000	36.42745
73400	36.42158
73800	36.4161
74200	36.40978
74600	36.40369
75000	36.39847
75400	36.39343
75800	36.38862
76200	36.38342
76600	36.37807
77000	36.37269
77400	36.36763
77800	36.36243
78200	36.35714
78600	36.3521
79000	36.34698
79400	36.34182
79800	36.3368
80200	36.33137
80600	36.32645
81000	36.32164
81400	36.31659
81800	36.31221
82200	36.30768
82600	36.30305
83000	36.29852
83400	36.29374
83800	36.28946
84200	36.28549
84600	36.28104
85000	36.27684
85400	36.27283
85800	36.26888
86200	36.26499
86600	36.2612
87000	36.25744
87400	36.25374
87800	36.24996
88200	36.24625
88600	36.24265
89000	36.2392
89400	36.2358
89800	36.23213
90200	36.22895
90600	36.22567
91000	36.22192
91400	36.21797
91800	36.21484
92200	36.2118
92600	36.20859
93000	36.20539
93400	36.20215
93800	36.19918
94200	36.19606
94600	36.19285
95000	36.18981
95400	36.18679
95800	36.18391
96200	36.18084
96600	36.17789
97000	36.17503
97400	36.17191
97800	36.16947
98200	36.1669
98600	36.16424
99000	36.16161
99400	36.15892
99800	36.15645
100200	36.15399
200000	35.95762
400000	35.89164
600000	35.83275
800000	35.76564
1000000	35.68641
1200000	35.58948
1400000	35.46453
1600000	35.28844