1141 1
506	16.44803
512	16.7369
520	17.07462
530	17.47617
540	17.85941
550	18.22946
560	18.49161
570	18.83155
580	19.15903
590	19.47535
600	19.78016
610	20.07435
620	20.3587
630	20.6333
640	20.89883
650	21.1558
658	21.35524
665	21.52569
675	21.75985
685	21.99204
695	22.01424
705	22.22742
716	22.45485
726	22.655
735	22.83004
745	23.01953
755	23.20342
765	23.38202
775	23.55578
785	23.72489
795	23.88181
805	24.04203
815	24.20476
825	24.35628
835	24.50398
845	24.64773
855	24.78794
865	24.92459
875	23.99692
885	24.11769
895	24.23338
905	24.34279
915	27.00146
925	27.40594
935	27.52087
945	27.63844
955	27.77847
965	27.88957
975	27.98272
985	28.09007
995	28.17718
1005	28.30185
1015	28.40141
1025	28.45505
1035	28.58649
1045	28.6822
1055	28.7716
1065	28.85066
1075	28.94284
1085	29.02717
1095	29.10159
1105	29.74812
1115	30.01568
1125	30.15168
1135	30.25094
1145	30.34381
1155	30.37495
1165	30.49922
1175	30.56965
1185	30.58165
1195	30.38546
1205	30.47285
1215	29.98728
1225	30.57098
1235	30.85683
1245	31.35436
1255	31.57304
1265	31.53834
1275	31.79157
1285	32.02334
1295	32.13061
1305	31.92367
1315	32.28577
1325	32.39326
1335	32.38779
1345	32.56601
1355	32.56824
1365	32.57724
1375	32.62836
1385	32.62161
1395	32.69013
1405	32.73477
1415	32.72724
1425	32.80423
1435	32.78632
1442	32.88268
1447	33.01711
1455	33.05489
1465	33.01312
1475	33.03893
1485	33.11407
1495	33.18264
1505	33.22803
1512	33.1802
1517	33.19328
1525	33.48652
1535	33.5462
1545	33.78822
1555	33.70966
1565	33.65462
1575	33.90333
1585	33.98534
1595	34.09407
1605	34.04343
1615	33.99379
1625	33.87159
1635	33.97524
1645	34.13234
1655	33.86689
1665	34.12152
1672	33.7647
1677	34.8119
1685	34.84284
1695	34.68861
1705	34.71523
1715	34.90407
1725	34.94197
1735	35.04876
1745	34.99424
1755	35.11929
1765	34.95661
1775	35.09761
1785	35.06318
1795	35.23464
1805	35.15721
1815	35.19807
1825	35.15781
1835	35.09003
1845	35.02411
1855	35.14253
1865	35.23962
1875	35.18793
1885	35.20965
1895	35.27588
1905	35.23787
1915	35.26617
1925	35.21308
1935	34.95243
1945	35.30519
1955	35.319
1967	35.38835
1976	35.36155
1984	35.37921
1995	35.37364
2005	35.32392
2015	35.30846
2025	35.27002
2035	35.35934
2045	35.41106
2055	35.37981
2065	35.34829
2074	35.44549
2078	35.53178
2085	35.53341
2095	35.50047
2105	35.44255
2115	35.46373
2125	35.46591
2135	35.36577
2145	35.46553
2155	35.47549
2165	35.41973
2175	35.42764
2185	35.47298
2195	35.5052
2205	35.47266
2215	35.38294
2225	35.37908
2235	35.4965
2245	35.45705
2255	35.36485
2265	35.37209
2275	35.42705
2285	35.48728
2295	35.42781
2305	35.46817
2315	35.41848
2325	35.17942
2335	35.24713
2345	35.1048
2355	35.36685
2365	35.12882
2375	35.26016
2385	35.00986
2395	35.13712
2405	35.12804
2415	35.20083
2425	35.39997
2435	35.38694
2445	35.44463
2455	35.45485
2465	35.43122
2475	35.38385
2485	35.35731
2495	35.34225
2505	35.50135
2513	35.24855
2518	35.16875
2525	35.18004
2535	35.24973
2545	35.27694
2555	35.41599
2565	35.33595
2575	35.41503
2585	35.39032
2595	35.35133
2605	35.30225
2615	35.25245
2625	35.39822
2635	35.4983
2645	35.63213
2655	35.68449
2665	35.54515
2675	35.6101
2685	35.61362
2695	35.55424
2705	35.60892
2715	35.52904
2725	35.52508
2735	35.57708
2745	35.32776
2755	35.41263
2765	35.4824
2775	35.54178
2785	35.37884
2795	34.97532
2805	35.08158
2815	35.51028
2825	35.6478
2835	35.63878
2845	35.61519
2855	35.53819
2865	35.67835
2875	35.68724
2885	35.67552
2895	35.66273
2910	35.7654
2930	35.72509
2950	35.7146
2970	35.7494
2990	35.75751
3010	35.7803
3030	35.77455
3050	35.78151
3070	35.79599
3090	35.812
3110	35.80863
3130	35.80051
3150	35.81186
3170	35.81421
3190	35.76991
3210	35.80701
3230	35.76009
3250	35.81796
3270	35.85021
3290	35.8454
3310	35.85451
3330	35.84995
3350	35.84431
3370	35.81489
3390	35.82845
3410	35.83059
3430	35.83368
3450	35.84311
3470	35.8415
3490	35.85391
3510	35.86858
3530	35.85023
3550	35.88418
3570	35.82397
3590	35.82237
3610	35.84859
3630	35.85974
3640	35.85992
3650	35.89973
3670	35.88713
3690	35.85352
3710	35.90609
3730	35.87097
3750	35.94277
3770	35.98471
3790	36.04169
3810	36.08929
3830	35.98104
3850	36.11133
3870	36.15151
3890	36.01036
3910	36.15496
3930	35.91524
3950	36.09007
3970	35.88541
3990	36.18317
4010	36.23399
4030	36.23946
4050	36.23077
4070	36.21597
4090	36.18534
4110	36.11448
4130	36.21996
4150	36.24168
4170	36.23989
4190	36.24124
4210	36.24514
4230	36.23498
4250	36.24556
4270	36.22492
4290	36.22377
4310	36.18135
4330	36.16848
4350	36.12538
4370	36.24605
4390	36.23705
4410	36.23951
4430	36.24071
4450	36.2477
4470	36.25835
4490	36.25653
4510	36.29052
4530	36.2538
4550	36.25707
4570	36.28177
4590	36.25884
4610	36.26852
4630	36.25322
4650	36.25967
4670	36.26711
4690	36.25124
4710	36.23478
4730	36.25706
4750	36.26326
4770	36.25954
4790	36.25627
4810	36.2473
4830	36.24542
4850	36.17737
4870	36.10666
4890	36.218
4910	36.22752
4930	36.22094
4950	36.23906
4970	36.23586
4990	36.20724
5010	36.18678
5030	36.20663
5050	36.20313
5070	36.21823
5090	36.1997
5110	36.20524
5130	36.19009
5150	36.17737
5170	36.16041
5190	36.1641
5210	36.17689
5230	36.18472
5250	36.1946
5270	36.15069
5290	36.19069
5310	36.20053
5330	36.16206
5350	36.19001
5370	36.18717
5390	36.17648
5410	36.16691
5430	36.17352
5450	36.18533
5470	36.17216
5490	36.16824
5510	36.16676
5530	36.17026
5550	36.17348
5570	36.16498
5590	36.15697
5610	36.16734
5630	36.1619
5650	36.1622
5670	36.15156
5690	36.16011
5710	36.14947
5730	36.17335
5750	36.15557
5770	36.15926
5790	36.14502
5810	36.15574
5830	36.16317
5850	36.15154
5870	36.15096
5890	36.1148
5910	36.14257
5930	36.14259
5950	36.14091
5970	36.14372
5990	36.13495
6010	36.12669
6030	36.13392
6050	36.13683
6070	36.13542
6090	36.11978
6110	36.11805
6130	36.09899
6150	36.1032
6170	36.09392
6190	36.11259
6210	36.10894
6230	36.09632
6250	36.07962
6270	36.09853
6290	36.10166
6310	36.08802
6330	36.09085
6350	36.08601
6370	36.08314
6390	36.08975
6410	36.07982
6430	36.08214
6450	36.07716
6470	36.07663
6490	36.06544
6510	36.07343
6530	36.0663
6550	36.03705
6570	35.98191
6590	36.05365
6610	36.06512
6630	36.06295
6650	36.06252
6670	36.05423
6690	36.0609
6710	36.04801
6730	36.05555
6750	36.04764
6770	36.04943
6790	36.04356
6810	36.04294
6830	36.04399
6850	36.03318
6870	36.03773
6890	36.04028
6910	36.03548
6930	36.03072
6950	36.02682
6970	36.02709
6990	36.02333
7010	36.0109
7030	36.01802
7050	36.02088
7070	36.0137
7090	36.00708
7110	35.99646
7130	35.99199
7150	35.99128
7170	35.99156
7190	35.9808
7210	35.98885
7230	35.9908
7250	35.9902
7270	35.98913
7290	35.97735
7310	35.98332
7330	35.98246
7350	35.98147
7370	35.9856
7390	35.9749
7410	35.96922
7430	35.97315
7450	35.97363
7470	35.97286
7490	35.969
7510	35.97239
7530	35.97442
7550	35.97507
7570	35.97048
7590	35.96701
7610	35.96475
7630	35.96432
7650	35.96228
7670	35.94738
7690	35.95608
7710	35.94917
7730	35.94843
7750	35.944
7770	35.9453
7790	35.94983
7810	35.94585
7830	35.94048
7850	35.93424
7870	35.93805
7890	35.92776
7910	35.91848
7930	35.91646
7950	35.91078
7970	35.92309
7990	35.91998
8010	35.91878
8030	35.91685
8050	35.91412
8070	35.91196
8090	35.90231
8110	35.90255
8130	35.90654
8150	35.90416
8170	35.90447
8190	35.89257
8210	35.89138
8230	35.89433
8250	35.89532
8270	35.90106
8290	35.89681
8310	35.8815
8330	35.87966
8350	35.87989
8370	35.88255
8390	35.86914
8410	35.8792
8430	35.866
8450	35.86469
8470	35.8615
8490	35.86156
8510	35.8335
8530	35.85509
8550	35.77229
8570	35.87091
8590	35.85406
8610	35.85217
8630	35.87129
8650	35.85931
8670	35.77111
8690	35.84867
8710	35.86592
8730	35.86188
8750	35.82926
8770	35.85822
8790	35.86393
8810	35.85481
8830	35.85497
8850	35.84739
8870	35.81808
8890	35.85365
8910	35.86212
8930	35.85151
8950	35.85304
8970	35.85095
8990	35.84641
9010	35.80439
9030	35.82815
9050	35.85183
9070	35.84527
9090	35.83075
9110	35.837
9130	35.84674
9150	35.84291
9170	35.83999
9190	35.84141
9210	35.82082
9230	35.79044
9250	35.81293
9270	35.82191
9290	35.82671
9310	35.83046
9330	35.82655
9350	35.82615
9370	35.81998
9390	35.82126
9410	35.80307
9430	35.81798
9450	35.80856
9470	35.81619
9490	35.81576
9510	35.80764
9530	35.79784
9550	35.76043
9570	35.79037
9590	35.80488
9610	35.79863
9630	35.79554
9650	35.79192
9670	35.78852
9690	35.7943
9710	35.79258
9730	35.78989
9750	35.78503
9770	35.78635
9790	35.78006
9810	35.78809
9830	35.78291
9850	35.78384
9870	35.77976
9890	35.77824
9910	35.77573
9930	35.77674
9950	35.77536
9970	35.77473
9990	35.77081
10025	35.7568
10075	35.74421
10125	35.75707
10175	35.75135
10225	35.75073
10275	35.74929
10325	35.73986
10375	35.7351
10425	35.734
10475	35.72609
10525	35.72502
10575	35.7193
10625	35.71585
10675	35.70319
10725	35.70314
10775	35.69841
10825	35.69011
10875	35.68649
10925	35.6693
10975	35.67369
11025	35.68156
11075	35.67925
11125	35.67452
11175	35.66896
11225	35.66691
11275	35.65504
11325	35.65266
11375	35.65024
11425	35.64251
11475	35.64851
11525	35.64449
11575	35.63678
11625	35.62815
11675	35.6249
11725	35.62941
11775	35.61746
11825	35.61385
11875	35.60621
11925	35.6142
11975	35.596
12025	35.60278
12075	35.59489
12125	35.59376
12175	35.59464
12225	35.58949
12275	35.5849
12325	35.5802
12375	35.57824
12425	35.57326
12475	35.5712
12525	35.5645
12575	35.56151
12625	35.55885
12675	35.55213
12725	35.55117
12775	35.54715
12825	35.51305
12875	35.53528
12925	35.53092
12975	35.5346
13025	35.526
13075	35.52783
13125	35.51845
13175	35.51529
13225	35.51506
13275	35.50633
13325	35.50804
13375	35.50216
13425	35.50333
13475	35.49834
13525	35.49515
13575	35.4859
13625	35.48399
13675	35.48224
13725	35.48
13775	35.47672
13825	35.47514
13875	35.47086
13925	35.46924
13975	35.4673
14025	35.45884
14075	35.46061
14125	35.45241
14175	35.45557
14225	35.4462
14275	35.43724
14325	35.44328
14375	35.44291
14425	35.42442
14475	35.43422
14525	35.42458
14570	35.42754
14620	35.42397
14675	35.42203
14725	35.41249
14775	35.41135
14825	35.40956
14875	35.402
14925	35.41098
14975	35.40152
15025	35.39415
15075	35.38856
15125	35.39337
15175	35.39218
15225	35.38705
15275	35.3882
15325	35.38247
15375	35.38379
15425	35.37843
15475	35.3768
15525	35.36863
15575	35.35471
15625	35.36848
15675	35.35271
15725	35.35827
15775	35.33731
15825	35.34476
15875	35.32278
15925	35.33698
15975	35.33893
16050	35.33308
16150	35.32258
16250	35.3238
16350	35.32022
16450	35.29603
16550	35.30821
16650	35.29344
16750	35.28652
16850	35.26523
16950	35.27804
17050	35.26159
17150	35.26005
17250	35.24516
17350	35.22199
17450	35.22968
17550	35.22151
17650	35.21687
17750	35.20544
17850	35.20143
17950	35.19305
18050	35.181
18150	35.16566
18250	35.16366
18350	35.15773
18450	35.14785
18550	35.14373
18650	35.12937
18750	35.11089
18850	35.11732
18950	35.09851
19050	35.10765
19150	35.09732
19250	35.09169
19350	35.07696
19450	35.05825
19550	35.06769
19650	35.05947
19750	35.04953
19850	35.04505
19950	35.03857
20050	35.03601
20150	35.03021
20250	35.01585
20350	35.00821
20450	35.00882
20550	34.99949
20650	34.99036
20750	34.98457
20850	34.97658
20950	34.96672
21050	34.96529
21150	34.95584
21250	34.94818
21350	34.94527
21450	34.93795
21550	34.92951
21650	34.91023
21750	34.91166
21850	34.9079
21950	34.90321
22050	34.89112
22150	34.89059
22250	34.87952
22350	34.8737
22450	34.86763
22550	34.86187
22650	34.85196
22750	34.85065
22850	34.83966
22950	34.78923
23050	34.80865
23150	34.8025
23250	34.7556
23350	34.77548
23450	34.77159
23550	34.72332
23650	34.74952
23750	34.7416
23850	34.69994
23950	34.72189
24050	34.7203
24150	34.68407
24250	34.69915
24350	34.69822
24450	34.67468
24550	34.6713
24650	34.68213
24750	34.66748
24850	34.64774
24950	34.65738
25050	34.6669
25150	34.63317
25250	34.64416
25350	34.64367
25450	34.63264
25550	34.62471
25650	34.62154
25750	34.62541
25850	34.60193
25950	34.60703
26050	34.60766
26150	34.59372
26250	34.58065
26350	34.59003
26450	34.58639
26550	34.57847
26650	34.56803
26750	34.57153
26850	34.57002
26950	34.55846
27050	34.56004
27150	34.55518
27250	34.55223
27350	34.54091
27450	34.5408
27550	34.53222
27650	34.52793
27750	34.52109
27850	34.52088
27950	34.51941
28050	34.51343
28150	34.50544
28250	34.50195
28350	34.49989
28450	34.4925
28550	34.48703
28650	34.48054
28750	34.47023
28850	34.47177
28950	34.46758
29050	34.46264
29150	34.45794
29250	34.44934
29350	34.44846
29450	34.44135
29550	34.4366
29650	34.43331
29750	34.42833
29850	34.42192
29950	34.41606
30050	34.41082
30150	34.40719
30250	34.40002
30350	34.38768
30450	34.38762
30550	34.3849
30650	34.3798
30750	34.3761
30850	34.36792
30950	34.36395
31050	34.36079
31150	34.35182
31250	34.34949
31350	34.34484
31450	34.33954
31550	34.33359
31650	34.32764
31750	34.32439
31850	34.31915
31950	34.31487
32100	34.30632
32300	34.29579
32500	34.28544
32700	34.27468
32900	34.25921
33100	34.2528
33300	34.24368
33500	34.23544
33700	34.22461
33900	34.21434
34100	34.20383
34300	34.19636
34500	34.18745
34700	34.17719
34900	34.16818
35100	34.15947
35300	34.14858
35500	34.14036
35700	34.13044
35900	34.12075
36100	34.11289
36300	34.10402
36500	34.09264
36700	34.08383
36900	34.07061
37100	34.06094
37300	34.05293
37500	34.038
37700	34.03772
37900	34.02855
38100	34.02068
38300	34.01368
38500	34.00657
38700	33.99561
38900	33.98711
39100	33.97857
39300	33.97199
39500	33.96076
39700	33.95361
39900	33.94108
40100	33.93451
40300	33.92798
40500	33.91613
40700	33.91239
40900	33.90471
41100	33.89742
41300	33.89017
41500	33.8805
41700	33.87012
41900	33.86406
42100	33.85479
42300	33.85083
42500	33.84052
42700	33.83438
42900	33.80576
43100	33.77659
43300	33.7803
43500	33.75289
43700	33.73683
43900	33.7291
44100	33.70398
44300	33.70054
44500	33.69157
44700	33.66947
44900	33.67393
45100	33.66093
45300	33.64432
45500	33.64591
45700	33.64014
45900	33.62051
46100	33.62606
46300	33.61512
46500	33.60462
46700	33.60345
46900	33.59933
47100	33.5898
47300	33.59334
47500	33.583
47700	33.57666
47900	33.57149
48100	33.56019
48300	33.5647
48500	33.55478
48700	33.54556
48900	33.54083
49100	33.53376
49300	33.52771
49500	33.51965
49700	33.51833
49900	33.51064
50100	33.50628
50300	33.50014
50500	33.48952
50700	33.48653
50900	33.48052
51100	33.47145
51300	33.46445
51500	33.46074
51700	33.46092
51900	33.45235
52100	33.44699
52300	33.43905
52500	33.43658
52700	33.43675
52900	33.42355
53100	33.41701
53300	33.41494
53500	33.40904
53700	33.40416
53900	33.3996
54100	33.39452
54300	33.38536
54500	33.38486
54700	33.37606
54900	33.37271
55100	33.36579
55300	33.36975
55500	33.35517
55700	33.35629
55900	33.3474
56100	33.34589
56300	33.33593
56500	33.33538
56700	33.32977
56900	33.32042
57100	33.32059
57300	33.31512
57500	33.30986
57700	33.30357
57900	33.30152
58100	33.29396
58300	33.28967
58500	33.28497
58700	33.27692
58900	33.27198
59100	33.26428
59300	33.26411
59500	33.25706
59700	33.25472
59900	33.24971
60100	33.24455
60300	33.23937
60500	33.23236
60700	33.22759
60900	33.22204
61100	33.21602
61300	33.21271
61500	33.20841
61700	33.20472
61900	33.19917
62100	33.19516
62300	33.1881
62500	33.182
62700	33.17717
62900	33.17287
63100	33.16706
63300	33.16446
63500	33.15838
63700	33.15531
63900	33.14789
64200	33.1417
64600	33.13102
65000	33.12119
65400	33.11119
65800	33.10221
66200	33.09167
66600	33.08228
67000	33.07271
67400	33.06227
67800	33.0529
68200	33.04299
68600	33.03386
69000	33.02392
69400	33.01444
69800	33.00507
70200	32.99508
70600	32.98613
71000	32.97644
71400	32.96725
71800	32.95773
72200	32.94839
72600	32.93906
73000	32.93003
73400	32.92048
73800	32.91171
74200	32.90163
74600	32.89021
75000	32.88153
75400	32.87448
75800	32.86641
76200	32.85752
76600	32.84856
77000	32.83953
77400	32.83095
77800	32.8223
78200	32.81331
78600	32.80469
79000	32.79607
79400	32.7874
79800	32.77908
80200	32.77003
80600	32.7615
81000	32.75345
81400	32.74463
81800	32.73668
82200	32.72849
82600	32.72004
83000	32.71193
83400	32.70324
83800	32.69516
84200	32.6874
84600	32.67921
85000	32.67117
85400	32.66315
85800	32.65527
86200	32.64738
86600	32.63947
87000	32.6316
87400	32.62384
87800	32.61586
88200	32.60782
88600	32.60022
89000	32.59237
89400	32.58506
89800	32.57694
90200	32.56969
90600	32.5624
91000	32.55405
91400	32.54699
91800	32.53978
92200	32.53255
92600	32.52506
93000	32.51777
93400	32.51023
93800	32.50315
94200	32.49593
94600	32.48843
95000	32.48116
95400	32.47416
95800	32.46701
96200	32.45971
96600	32.45281
97000	32.44571
97400	32.43785
97800	32.43123
98200	32.42445
98600	32.41753
99000	32.41082
99400	32.40373
99800	32.39683
100200	32.39002
200000	31.20001
400000	29.99645
600000	29.28907
800000	28.7861
1000000	28.3956
1200000	28.07618
1400000	27.806
1600000	27.57172