91	38.91953
94	38.97082
96	39.01135
98	39.04844
100	39.0738
102	39.09087
104	39.09431
106	39.10048
108	39.10685
110	39.11036
114	39.11823
118	39.13185
121	39.1376
125	39.14658
127	39.1512
128	39.15244
131	39.15565
132	39.1567
134	39.15602
137	39.15333
140	39.15199
143	39.15264
147	39.14733
151	39.14573
155	39.14558
159	39.14235
162	39.14085
166	39.138
170	39.13225
173	39.12834
177	39.12485
180	39.12395
182	39.12381
186	39.12444
191	39.12256
194	39.11965
198	39.12225
202	39.12194
205	39.12428
210	39.12746
216	39.13763
220	39.14849
223	39.16687
227	39.20444
230	39.31403
234	39.34758
240	39.39989
246	39.47948
252	39.62812
257	39.6043
260	39.69046
264	39.9012
269	39.9411
274	39.95949
279	39.87131
284	40.00322
290	40.02752
296	39.9594
301	39.72945
308	39.82698
318	39.94514
328	39.95794
338	39.93142
348	39.9076
357	39.9989
366	40.11675
375	40.1086
385	40.03112
395	40.12967
405	40.17797
414	40.17506
422	40.14915
430	40.12634
441	40.16831
451	40.17156
460	40.13617
470	40.13258
480	40.15402
490	40.11036
500	40.15187
506	40.14868
512	40.31223
520	40.28869
530	40.26049
540	40.20095
550	40.18647
560	40.26405
570	40.27466
580	40.25663
590	40.25865
600	40.21789
610	40.20298
620	40.25499
630	40.23457
640	40.24803
650	40.23166
658	40.20747
665	40.22996
675	40.23532
685	40.19425
695	40.22024
705	40.16937
716	40.21542
726	40.21195
735	40.20884
745	40.19457
755	40.18566
765	40.15945
775	40.17289
785	40.1551
795	40.16008
805	40.15837
815	40.15587
825	40.15319
835	40.09893
845	40.13849
855	40.12882
865	40.13107
875	40.12639
885	40.12014
895	40.11522
905	40.10473
915	40.09654
925	40.41178
935	40.5733
945	40.70323
955	40.75541
965	40.80596
975	40.52118
985	40.77753
995	40.7454
1005	40.7863
1015	40.76971
1025	40.59022
1035	40.72409
1045	40.80964
1055	40.79833
1065	40.75418
1075	40.77263
1085	40.72978
1095	40.76616
1105	40.7453
1115	40.73696
1125	40.70217
1135	40.73154
1145	40.7084
1155	40.7049
1165	40.70015
1175	40.60754
1185	40.67431
1195	40.63083
1205	40.58091
1215	40.42966
1225	40.58175
1235	40.63379
1245	40.64011
1255	40.63214
1265	40.61674
1275	40.63378
1285	40.63135
1295	40.59664
1305	40.59154
1315	40.61169
1325	40.59575
1335	40.57681
1345	40.5874
1355	40.57701
1365	40.55729
1375	40.55163
1385	40.54842
1395	40.4875
1405	40.47384
1415	40.52245
1425	40.50691
1435	40.51077
1442	40.51054
1447	40.50702
1455	40.49678
1465	40.48392
1475	40.47838
1485	40.47475
1495	40.46712
1505	40.45424
1512	40.43529
1517	40.43903
1525	40.43317
1535	40.39778
1545	40.37461
1555	40.36607
1565	40.38317
1575	40.39246
1585	40.39164
1595	40.38963
1605	40.37214
1615	40.36397
1625	40.35668
1635	40.35934
1645	40.34977
1655	40.34613
1665	40.34971
1672	40.32858
1677	40.3496
1685	40.34472
1695	40.33165
1705	40.31934
1715	40.30458
1725	40.29692
1735	40.30433
1745	40.29463
1755	40.29478
1765	40.27983
1775	40.27615
1785	40.27442
1795	40.27326
1805	40.26962
1815	40.25266
1825	40.25145
1835	40.24331
1845	40.22238
1855	40.21699
1865	40.21691
1875	40.22117
1885	40.19841
1895	40.18414
1905	40.19478
1915	40.18089
1925	40.16795
1935	40.17582
1945	40.17833
1955	40.15516
1967	40.16594
1976	40.16987
1984	40.15398
1995	40.14297
2005	40.14543
2015	40.13947
2025	40.14222
2035	40.12563
2045	40.12341
2055	40.07782
2065	40.09292
2074	40.1183
2078	40.1052
2085	40.10744
2095	40.09356
2105	40.0952
2115	40.09309
2125	40.09132
2135	40.08076
2145	40.07367
2155	40.07629
2165	40.06565
2175	40.06235
2185	40.05412
2195	40.05667
2205	40.04852
2215	40.03817
2225	40.03112
2235	40.03258
2245	40.02509
2255	40.01478
2265	40.01502
2275	40.01296
2285	40.00992
2295	39.99558
2305	39.99312
2315	39.98713
2325	39.95036
2335	39.97306
2345	39.96544
2355	39.96715
2365	39.95647
2375	39.95431
2385	39.93997
2395	39.94469
2405	39.93678
2415	39.9338
2425	39.93428
2435	39.9244
2445	39.92551
2455	39.92009
2465	39.91454
2475	39.90793
2485	39.90757
2495	39.8792
2505	39.90052
2513	39.88135
2518	39.89079
2525	39.88421
2535	39.88
2545	39.87384
2555	39.87557
2565	39.8704
2575	39.87122
2585	39.86705
2595	39.86193
2605	39.85492
2615	39.85019
2625	39.84846
2635	39.84552
2645	39.8493
2655	39.84529
2665	39.83558
2675	39.83451
2685	39.83167
2695	39.82318
2705	39.82153
2715	39.81453
2725	39.80991
2735	39.80796
2745	39.7965
2755	39.79382
2765	39.79263
2775	39.79425
2785	39.78885
2795	39.76854
2805	39.77319
2815	39.78016
2825	39.77558
2835	39.76744
2845	39.76418
2855	39.76028
2865	39.76104
2875	39.75603
2885	39.75378
2895	39.74961
2910	39.74829
2930	39.73937
2950	39.73081
2970	39.72615
2990	39.71923
3010	39.71393
3030	39.70788
3050	39.70155
3070	39.69499
3090	39.68895
3110	39.68245
3130	39.67558
3150	39.67035
3170	39.66416
3190	39.65448
3210	39.65102
3230	39.64516
3250	39.64115
3270	39.63617
3290	39.63078
3310	39.62582
3330	39.61972
3350	39.61207
3370	39.60519
3390	39.59924
3410	39.59381
3430	39.58644
3450	39.58157
3470	39.57775
3490	39.5733
3510	39.57012
3530	39.56468
3550	39.56135
3570	39.55454
3590	39.54875
3610	39.54567
3630	39.54169
3640	39.53974
3650	39.46183
3670	39.45353
3690	39.45107
3710	39.47888
3730	39.47614
3750	39.52065
3770	39.52295
3790	39.55012
3810	39.57533
3830	39.51592
3850	39.58083
3870	39.58959
3890	39.49194
3910	39.58297
3930	39.55951
3950	39.56808
3970	39.4529
3990	39.56174
4010	39.56781
4030	39.55713
4050	39.55803
4070	39.54709
4090	39.51743
4110	39.45786
4130	39.5275
4150	39.52849
4170	39.52383
4190	39.51915
4210	39.51415
4230	39.50808
4250	39.50293
4270	39.49407
4290	39.4884
4310	39.47439
4330	39.44172
4350	39.40168
4370	39.46882
4390	39.46065
4410	39.45986
4430	39.45765
4450	39.45359
4470	39.44326
4490	39.44433
4510	39.44597
4530	39.43521
4550	39.4291
4570	39.43046
4590	39.42162
4610	39.42069
4630	39.41303
4650	39.40891
4670	39.40645
4690	39.39971
4710	39.39076
4730	39.3919
4750	39.38878
4770	39.38472
4790	39.37926
4810	39.37305
4830	39.3662
4850	39.3312
4870	39.27979
4890	39.34952
4910	39.34892
4930	39.33961
4950	39.34304
4970	39.33896
4990	39.32925
5010	39.31791
5030	39.32104
5050	39.31446
5070	39.31551
5090	39.30759
5110	39.3042
5130	39.29703
5150	39.29045
5170	39.28369
5190	39.28156
5210	39.27862
5230	39.27615
5250	39.27474
5270	39.26257
5290	39.26751
5310	39.26547
5330	39.25525
5350	39.25779
5370	39.25337
5390	39.24717
5410	39.24123
5430	39.23814
5450	39.23847
5470	39.2321
5490	39.22815
5510	39.22409
5530	39.22186
5550	39.21986
5570	39.21423
5590	39.20896
5610	39.20819
5630	39.20414
5650	39.20022
5670	39.19403
5690	39.19284
5710	39.18473
5730	39.18781
5750	39.18147
5770	39.17952
5790	39.17305
5810	39.17325
5830	39.17229
5850	39.16661
5870	39.15969
5890	39.15271
5910	39.15603
5930	39.15305
5950	39.14948
5970	39.14839
5990	39.14312
6010	39.13862
6030	39.13742
6050	39.13592
6070	39.13185
6090	39.12554
6110	39.12246
6130	39.11455
6150	39.11327
6170	39.10806
6190	39.10991
6210	39.10637
6230	39.09986
6250	39.09178
6270	39.09529
6290	39.09345
6310	39.08744
6330	39.08659
6350	39.08341
6370	39.08027
6390	39.07871
6410	39.07336
6430	39.0716
6450	39.06857
6470	39.06568
6490	39.05896
6510	39.05965
6530	39.05589
6550	39.03696
6570	38.98983
6590	39.04277
6610	39.04523
6630	39.04379
6650	39.04085
6670	39.03529
6690	39.0359
6710	39.03045
6730	39.03097
6750	39.02612
6770	39.02433
6790	39.02078
6810	39.01793
6830	39.01623
6850	39.01051
6870	39.00936
6890	39.00838
6910	39.00471
6930	39.00102
6950	38.99672
6970	38.99525
6990	38.99165
7010	38.98614
7030	38.98601
7050	38.98486
7070	38.97868
7090	38.97751
7110	38.97291
7130	38.96895
7150	38.96674
7170	38.96536
7190	38.9584
7210	38.95867
7230	38.95761
7250	38.95553
7270	38.95275
7290	38.94606
7310	38.94599
7330	38.94416
7350	38.94143
7370	38.94162
7390	38.93631
7410	38.93125
7430	38.93172
7450	38.93009
7470	38.92778
7490	38.92456
7510	38.92334
7530	38.92197
7550	38.92059
7570	38.91695
7590	38.91365
7610	38.91182
7630	38.90965
7650	38.90759
7670	38.90098
7690	38.90294
7710	38.89694
7730	38.89608
7750	38.89261
7770	38.8912
7790	38.89059
7810	38.88871
7830	38.88485
7850	38.88146
7870	38.8798
7890	38.87364
7910	38.86811
7930	38.86609
7950	38.86192
7970	38.86524
7990	38.86219
8010	38.8637
8030	38.86199
8050	38.8586
8070	38.85661
8090	38.85239
8110	38.85101
8130	38.84978
8150	38.84733
8170	38.84514
8190	38.83991
8210	38.8149
8230	38.81348
8250	38.81218
8270	38.81042
8290	38.80641
8310	38.80005
8330	38.79572
8350	38.79672
8370	38.79211
8390	38.78801
8410	38.79143
8430	38.79077
8450	38.79185
8470	38.78159
8490	38.79391
8510	38.76777
8530	38.79259
8550	38.73915
8570	38.79541
8590	38.77821
8610	38.77192
8630	38.79077
8650	38.78257
8670	38.72663
8690	38.77881
8710	38.78403
8730	38.77834
8750	38.74321
8770	38.77056
8790	38.77602
8810	38.77205
8830	38.76926
8850	38.75777
8870	38.72984
8890	38.76273
8910	38.76451
8930	38.76123
8950	38.75879
8970	38.75706
8990	38.75201
9010	38.7154
9030	38.73394
9050	38.7485
9070	38.74531
9090	38.73923
9110	38.74134
9130	38.74076
9150	38.73879
9170	38.73623
9190	38.7343
9210	38.72304
9230	38.6904
9250	38.71622
9270	38.72222
9290	38.72316
9310	38.72245
9330	38.72032
9350	38.71749
9370	38.71332
9390	38.71369
9410	38.70701
9430	38.70933
9450	38.7054
9470	38.70463
9490	38.70244
9510	38.69792
9530	38.68859
9550	38.65686
9570	38.68554
9590	38.69045
9610	38.6873
9630	38.6854
9650	38.682
9670	38.68002
9690	38.68015
9710	38.67739
9730	38.67505
9750	38.67257
9770	38.67134
9790	38.66745
9810	38.66867
9830	38.66653
9850	38.66471
9870	38.66184
9890	38.65953
9910	38.658
9930	38.65636
9950	38.65462
9970	38.65268
9990	38.6501
10025	38.63699
10075	38.62589
10125	38.63397
10175	38.62861
10225	38.62479
10275	38.62094
10325	38.61285
10375	38.60827
10425	38.60495
10475	38.59855
10525	38.59523
10575	38.58947
10625	38.58459
10675	38.5767
10725	38.57422
10775	38.56865
10825	38.56205
10875	38.55814
10925	38.54054
10975	38.54611
11025	38.54735
11075	38.54399
11125	38.53872
11175	38.53327
11225	38.53015
11275	38.52288
11325	38.51855
11375	38.51403
11425	38.50791
11475	38.50681
11525	38.5025
11575	38.49651
11625	38.48933
11675	38.48608
11725	38.48506
11775	38.4772
11825	38.47356
11875	38.46684
11925	38.46816
11975	38.4574
12025	38.45823
12075	38.45267
12125	38.44956
12175	38.44703
12225	38.44243
12275	38.43772
12325	38.43395
12375	38.42989
12425	38.42569
12475	38.42216
12525	38.41703
12575	38.41321
12625	38.40908
12675	38.40473
12725	38.40176
12775	38.39666
12825	38.37614
12875	38.38776
12925	38.38412
12975	38.38263
13025	38.37797
13075	38.37547
13125	38.36969
13175	38.36596
13225	38.36374
13275	38.35742
13325	38.35612
13375	38.35172
13425	38.35015
13475	38.34624
13525	38.3427
13575	38.33642
13625	38.33284
13675	38.33037
13725	38.3273
13775	38.32377
13825	38.32084
13875	38.31594
13925	38.31416
13975	38.31119
14025	38.30517
14075	38.3045
14125	38.29942
14175	38.2984
14225	38.29203
14275	38.28714
14325	38.28779
14375	38.2862
14425	38.27656
14475	38.27951
14525	38.27306
14570	38.27233
14620	38.25811
14675	38.25552
14725	38.24897
14775	38.24764
14825	38.24471
14875	38.23925
14925	38.24083
14975	38.23586
15025	38.23054
15075	38.22628
15125	38.22849
15175	38.22672
15225	38.2257
15275	38.22092
15325	38.21795
15375	38.22021
15425	38.21362
15475	38.21601
15525	38.21156
15575	38.19792
15625	38.20777
15675	38.19981
15725	38.19471
15775	38.18899
15825	38.19117
15875	38.17427
15925	38.18758
15975	38.18323
16050	38.1791
16150	38.16846
16250	38.16816
16350	38.1633
16450	38.14383
16550	38.14985
16650	38.13711
16750	38.13023
16850	38.11373
16950	38.1181
17050	38.10562
17150	38.10055
17250	38.09104
17350	38.07403
17450	38.07516
17550	38.06794
17650	38.06115
17750	38.05262
17850	38.04614
17950	38.0389
18050	38.02964
18150	38.01632
18250	38.01385
18350	38.00769
18450	37.99874
18550	37.9927
18650	37.98285
18750	37.96643
18850	37.96965
18950	37.95709
19050	37.95618
19150	37.94781
19250	37.94073
19350	37.93064
19450	37.91598
19550	37.91751
19650	37.91057
19750	37.90261
19850	37.89627
19950	37.88941
20050	37.88477
20150	37.87856
20250	37.86903
20350	37.86146
20450	37.85795
20550	37.85063
20650	37.84259
20750	37.83641
20850	37.82991
20950	37.82172
21050	37.81727
21150	37.80969
21250	37.80315
21350	37.79785
21450	37.79129
21550	37.78464
21650	37.77105
21750	37.76979
21850	37.76402
21950	37.75871
22050	37.74999
22150	37.7461
22250	37.73766
22350	37.73189
22450	37.72583
22550	37.71943
22650	37.71231
22750	37.70729
22850	37.69012
22950	37.64848
23050	37.66252
23150	37.65731
23250	37.61871
23350	37.63369
23450	37.63005
23550	37.592
23650	37.60972
23750	37.60519
23850	37.5722
23950	37.58653
24050	37.58575
24150	37.55715
24250	37.56876
24350	37.56665
24450	37.54739
24550	37.54617
24650	37.55208
24750	37.53994
24850	37.5266
24950	37.53095
25050	37.53722
25150	37.51176
25250	37.51633
25350	37.51783
25450	37.50838
25550	37.5019
25650	37.49792
25750	37.49962
25850	37.48342
25950	37.48534
26050	37.48369
26150	37.47253
26250	37.46544
26350	37.46897
26450	37.46566
26550	37.4582
26650	37.45075
26750	37.44991
26850	37.44781
26950	37.43984
27050	37.43822
27150	37.43336
27250	37.43014
27350	37.42162
27450	37.41928
27550	37.41166
27650	37.40819
27750	37.40339
27850	37.40016
27950	37.39698
28050	37.39163
28150	37.38558
28250	37.38155
28350	37.37793
28450	37.37254
28550	37.36752
28650	37.36209
28750	37.35377
28850	37.35326
28950	37.3488
29050	37.34394
29150	37.33956
29250	37.33357
29350	37.33049
29450	37.32457
29550	37.32021
29650	37.31608
29750	37.31133
29850	37.30635
29950	37.30151
30050	37.29667
30150	37.2923
30250	37.28706
30350	37.27778
30450	37.27638
30550	37.27258
30650	37.26774
30750	37.2636
30850	37.25823
30950	37.25354
31050	37.24945
31150	37.24314
31250	37.23977
31350	37.23531
31450	37.23056
31550	37.22526
31650	37.22097
31750	37.21666
31850	37.21196
31950	37.20755
32100	37.20026
32300	37.19092
32500	37.18153
32700	37.17188
32900	37.14992
33100	37.14365
33300	37.13498
33500	37.12683
33700	37.11788
33900	37.10881
34100	37.10029
34300	37.0929
34500	37.0848
34700	37.07651
34900	37.06844
35100	37.06061
35300	37.05209
35500	37.04449
35700	37.03626
35900	37.02899
36100	37.02087
36300	37.01393
36500	37.00469
36700	36.99773
36900	36.98821
37100	36.98146
37300	36.97404
37500	36.96358
37700	36.96
37900	36.9526
38100	36.94468
38300	36.93798
38500	36.93134
38700	36.92333
38900	36.91615
39100	36.90763
39300	36.90179
39500	36.8938
39700	36.88683
39900	36.87821
40100	36.87103
40300	36.86386
40500	36.85541
40700	36.85068
40900	36.84391
41100	36.83729
41300	36.83049
41500	36.82313
41700	36.81475
41900	36.80929
42100	36.80199
42300	36.79664
42500	36.78918
42700	36.78304
42900	36.76414
43100	36.7472
43300	36.74804
43500	36.72944
43700	36.71913
43900	36.71253
44100	36.69394
44300	36.6907
44500	36.6822
44700	36.65642
44900	36.65991
45100	36.65084
45300	36.63948
45500	36.64039
45700	36.63634
45900	36.62287
46100	36.62663
46300	36.61938
46500	36.61395
46700	36.61163
46900	36.60825
47100	36.60194
47300	36.60336
47500	36.59689
47700	36.5929
47900	36.58877
48100	36.58193
48300	36.58397
48500	36.57811
48700	36.57228
48900	36.56981
49100	36.56507
49300	36.56144
49500	36.55702
49700	36.55538
49900	36.55088
50100	36.54875
50300	36.5451
50500	36.53878
50700	36.53645
50900	36.53374
51100	36.52868
51300	36.52488
51500	36.5222
51700	36.52213
51900	36.51673
52100	36.51342
52300	36.50976
52500	36.50801
52700	36.50765
52900	36.50053
53100	36.49717
53300	36.49564
53500	36.49262
53700	36.48995
53900	36.48743
54100	36.48453
54300	36.48013
54500	36.47932
54700	36.47507
54900	36.47287
55100	36.46921
55300	36.47044
55500	36.46363
55700	36.46371
55900	36.45934
56100	36.45793
56300	36.45324
56500	36.45239
56700	36.44934
56900	36.44503
57100	36.44436
57300	36.44165
57500	36.43894
57700	36.43594
57900	36.43461
58100	36.43124
58300	36.42899
58500	36.42672
58700	36.42335
58900	36.42123
59100	36.41794
59300	36.41699
59500	36.41411
59700	36.41261
59900	36.41025
60100	36.40804
60300	36.40569
60500	36.40271
60700	36.40068
60900	36.39837
61100	36.39584
61300	36.39407
61500	36.39209
61700	36.39046
61900	36.38813
62100	36.38628
62300	36.38368
62500	36.38112
62700	36.37916
62900	36.37713
63100	36.37504
63300	36.37354
63500	36.37119
63700	36.36984
63900	36.36704
64200	36.36452
64600	36.36047
65000	36.35677
65400	36.35289
65800	36.34941
66200	36.34558
66600	36.34199
67000	36.33847
67400	36.33474
67800	36.33127
68200	36.32785
68600	36.3246
69000	36.32125
69400	36.31813
69800	36.31504
70200	36.31197
70600	36.30906
71000	36.30612
71400	36.30331
71800	36.30049
72200	36.29776
72600	36.29505
73000	36.29242
73400	36.28978
73800	36.28725
74200	36.28468
74600	36.28177
75000	36.27941
75400	36.27742
75800	36.27517
76200	36.27289
76600	36.27066
77000	36.26849
77400	36.26635
77800	36.26423
78200	36.26213
78600	36.26008
79000	36.25806
79400	36.25606
79800	36.25407
80200	36.2521
80600	36.25017
81000	36.24832
81400	36.24647
81800	36.2447
82200	36.24299
82600	36.24128
83000	36.23964
83400	36.238
83800	36.23641
84200	36.23486
84600	36.23334
85000	36.23184
85400	36.23038
85800	36.22894
86200	36.22752
86600	36.22615
87000	36.22478
87400	36.22343
87800	36.2221
88200	36.22079
88600	36.21952
89000	36.21825
89400	36.21703
89800	36.21581
90200	36.21463
90600	36.21347
91000	36.21229
91400	36.21097
91800	36.20988
92200	36.20879
92600	36.20772
93000	36.20667
93400	36.20563
93800	36.2046
94200	36.20359
94600	36.20259
95000	36.20161
95400	36.20063
95800	36.19966
96200	36.19871
96600	36.19779
97000	36.19688
97400	36.19596
97800	36.19512
98200	36.19428
98600	36.19345
99000	36.19264
99400	36.19183
99800	36.19104
100200	36.19026
200000	36.12374
400000	36.0695
600000	36.01132
800000	35.94434
1000000	35.86515
1200000	35.76823
1400000	35.6433
1600000	35.4672
