1221 1
91	38.73555
94	38.80048
96	38.84746
98	38.88941
100	38.91688
102	38.93494
104	38.93817
106	38.94098
108	38.94399
110	38.94712
114	38.95347
118	38.96069
121	38.96473
125	38.97034
127	38.97316
128	38.97325
131	38.97284
132	38.9727
134	38.96875
137	38.96051
140	38.95353
143	38.94857
147	38.93798
151	38.93001
155	38.92291
159	38.91313
162	38.9074
166	38.89851
170	38.88887
173	38.88218
177	38.87383
180	38.87085
182	38.87011
186	38.87115
191	38.86979
194	38.86782
198	38.86858
202	38.875
205	38.88516
210	38.90396
216	38.96389
220	39.01192
223	39.0918
227	39.23895
230	39.53613
234	39.53386
240	39.52757
246	39.52231
252	39.52167
257	39.52595
260	39.52205
264	39.57926
269	39.58964
274	39.59553
279	39.55219
284	39.60714
290	39.63063
296	39.59823
301	39.57738
308	39.62066
318	39.62202
328	39.64049
338	39.62999
348	39.61411
357	39.73241
366	39.89907
375	39.89051
385	39.80537
395	39.95711
405	40.03902
414	40.03408
422	39.99443
430	39.97131
441	40.02738
451	40.03299
460	39.97836
470	39.98123
480	40.02456
490	39.95036
500	40.03041
506	39.98083
512	40.19427
520	40.16761
530	40.12708
540	40.04825
550	40.03463
560	40.14153
570	40.17902
580	40.16071
590	40.16282
600	40.08296
610	40.07618
620	40.16482
630	40.13681
640	40.16611
650	40.14391
658	40.10383
665	40.14798
675	40.16442
685	40.09217
695	40.14839
705	40.05157
716	40.15102
726	40.1483
735	40.14569
745	40.12506
755	40.11677
765	40.06918
775	40.10529
785	40.06748
795	40.09022
805	40.09216
815	40.08921
825	40.08969
835	39.98857
845	40.07054
855	40.05902
865	40.06744
875	40.06331
885	40.05864
895	40.05463
905	40.04197
915	40.02938
925	40.35256
935	40.52736
945	40.63245
955	40.68423
965	40.71576
975	40.35619
985	40.61852
995	40.5929
1005	40.67078
1015	40.67739
1025	40.534
1035	40.62255
1045	40.73439
1055	40.71547
1065	40.64819
1075	40.67855
1085	40.62347
1095	40.67898
1105	40.65837
1115	40.64687
1125	40.59652
1135	40.65499
1145	40.62968
1155	40.62629
1165	40.61802
1175	40.46904
1185	40.58981
1195	40.5233
1205	40.4645
1215	40.37134
1225	40.49723
1235	40.5685
1245	40.58066
1255	40.56763
1265	40.54454
1275	40.59108
1285	40.59668
1295	40.53884
1305	40.53263
1315	40.58044
1325	40.56168
1335	40.53233
1345	40.56168
1355	40.54697
1365	40.51456
1375	40.51485
1385	40.51008
1395	40.41076
1405	40.39547
1415	40.47722
1425	40.46445
1435	40.47276
1442	40.47867
1447	40.47884
1455	40.46376
1465	40.44026
1475	40.43847
1485	40.44031
1495	40.43562
1505	40.41639
1512	40.38329
1517	40.39657
1525	40.38623
1535	40.32893
1545	40.30009
1555	40.29211
1565	40.32562
1575	40.34626
1585	40.35375
1595	40.35403
1605	40.33936
1615	40.33168
1625	40.32039
1635	40.33414
1645	40.33199
1655	40.31762
1665	40.32996
1672	40.29317
1677	40.33728
1685	40.33591
1695	40.31549
1705	40.30122
1715	40.27884
1725	40.27012
1735	40.28703
1745	40.27751
1755	40.28594
1765	40.26492
1775	40.25902
1785	40.2633
1795	40.27062
1805	40.26772
1815	40.23967
1825	40.24261
1835	40.2311
1845	40.20248
1855	40.20196
1865	40.20529
1875	40.21921
1885	40.18855
1895	40.17145
1905	40.18927
1915	40.17222
1925	40.15633
1935	40.17266
1945	40.17837
1955	40.14661
1967	40.17111
1976	40.17912
1984	40.15816
1995	40.14584
2005	40.15405
2015	40.14315
2025	40.1532
2035	40.12865
2045	40.13319
2055	40.08783
2065	40.10305
2074	40.13511
2078	40.11211
2085	40.12132
2095	40.1009
2105	40.10414
2115	40.10528
2125	40.10504
2135	40.08788
2145	40.08292
2155	40.09196
2165	40.07951
2175	40.07623
2185	40.06482
2195	40.07458
2205	40.06516
2215	40.05062
2225	40.04008
2235	40.04781
2245	40.0361
2255	40.02354
2265	40.02765
2275	40.0289
2285	40.02808
2295	40.00615
2305	40.00632
2315	39.99423
2325	39.93786
2335	39.97535
2345	39.96892
2355	39.97576
2365	39.95942
2375	39.95826
2385	39.94013
2395	39.95119
2405	39.93924
2415	39.9398
2425	39.94506
2435	39.93108
2445	39.93936
2455	39.93205
2465	39.92776
2475	39.91756
2485	39.91991
2495	39.87029
2505	39.91525
2513	39.89092
2518	39.90363
2525	39.89379
2535	39.89176
2545	39.8829
2555	39.8901
2565	39.88463
2575	39.89137
2585	39.88651
2595	39.88073
2605	39.87193
2615	39.86648
2625	39.86898
2635	39.86749
2645	39.8761
2655	39.87289
2665	39.85492
2675	39.85847
2685	39.85536
2695	39.84383
2705	39.84393
2715	39.8341
2725	39.83237
2735	39.83558
2745	39.81385
2755	39.81222
2765	39.81327
2775	39.81962
2785	39.81253
2795	39.7737
2805	39.78595
2815	39.80776
2825	39.80601
2835	39.79237
2845	39.78824
2855	39.78392
2865	39.79005
2875	39.78347
2885	39.78242
2895	39.77664
2910	39.78122
2930	39.77098
2950	39.76243
2970	39.75911
2990	39.75267
3010	39.74795
3030	39.74264
3050	39.73639
3070	39.72982
3090	39.72438
3110	39.71807
3130	39.71071
3150	39.70707
3170	39.69994
3190	39.68865
3210	39.68704
3230	39.67962
3250	39.67728
3270	39.67325
3290	39.66826
3310	39.66366
3330	39.65661
3350	39.64856
3370	39.64082
3390	39.63595
3410	39.63191
3430	39.62473
3450	39.61985
3470	39.61517
3490	39.61069
3510	39.60833
3530	39.6029
3550	39.60031
3570	39.59098
3590	39.58474
3610	39.58197
3630	39.57869
3640	39.57686
3650	39.52442
3670	39.51569
3690	39.49682
3710	39.51905
3730	39.51725
3750	39.57162
3770	39.57833
3790	39.61856
3810	39.65109
3830	39.57981
3850	39.66102
3870	39.67874
3890	39.55136
3910	39.67234
3930	39.64312
3950	39.65488
3970	39.50742
3990	39.6517
4010	39.66629
4030	39.65735
4050	39.65676
4070	39.64231
4090	39.60191
4110	39.53263
4130	39.62196
4150	39.62765
4170	39.62281
4190	39.61898
4210	39.61483
4230	39.60751
4250	39.60353
4270	39.59212
4290	39.58846
4310	39.56902
4330	39.52574
4350	39.48168
4370	39.57003
4390	39.56274
4410	39.56217
4430	39.5595
4450	39.55745
4470	39.54978
4490	39.54858
4510	39.55436
4530	39.5398
4550	39.53378
4570	39.53882
4590	39.52763
4610	39.52796
4630	39.51765
4650	39.51529
4670	39.51417
4690	39.5066
4710	39.4948
4730	39.49944
4750	39.49771
4770	39.49418
4790	39.48845
4810	39.48071
4830	39.47419
4850	39.42494
4870	39.3658
4890	39.45537
4910	39.45745
4930	39.44791
4950	39.4529
4970	39.44789
4990	39.43554
5010	39.42087
5030	39.42651
5050	39.41943
5070	39.42326
5090	39.41319
5110	39.41055
5130	39.40154
5150	39.39421
5170	39.38498
5190	39.38428
5210	39.38391
5230	39.3851
5250	39.38616
5270	39.36737
5290	39.38039
5310	39.38031
5330	39.36393
5350	39.37201
5370	39.36837
5390	39.35999
5410	39.35345
5430	39.35176
5450	39.35381
5470	39.34515
5490	39.34262
5510	39.33727
5530	39.33768
5550	39.33645
5570	39.33124
5590	39.32473
5610	39.32634
5630	39.32055
5650	39.31778
5670	39.31066
5690	39.31252
5710	39.3042
5730	39.31316
5750	39.30299
5770	39.30247
5790	39.2924
5810	39.2958
5830	39.29765
5850	39.28988
5870	39.28386
5890	39.27006
5910	39.27836
5930	39.27592
5950	39.27177
5970	39.27299
5990	39.26505
6010	39.26019
6030	39.26217
6050	39.26171
6070	39.25901
6090	39.24886
6110	39.24633
6130	39.23463
6150	39.23422
6170	39.22666
6190	39.23316
6210	39.22838
6230	39.21915
6250	39.20874
6270	39.21642
6290	39.21756
6310	39.20913
6330	39.21009
6350	39.20496
6370	39.20177
6390	39.20358
6410	39.19745
6430	39.1967
6450	39.19276
6470	39.19093
6490	39.1818
6510	39.18532
6530	39.18005
6550	39.15581
6570	39.10713
6590	39.16717
6610	39.17208
6630	39.17011
6650	39.16838
6670	39.16023
6690	39.16108
6710	39.15098
6730	39.15428
6750	39.14793
6770	39.14706
6790	39.14149
6810	39.14086
6830	39.14071
6850	39.13346
6870	39.13489
6890	39.13649
6910	39.13329
6930	39.12869
6950	39.12523
6970	39.12616
6990	39.12209
7010	39.11528
7030	39.11824
7050	39.11948
7070	39.11072
7090	39.10209
7110	39.09072
7130	39.08509
7150	39.08387
7170	39.08466
7190	39.07736
7210	39.08091
7230	39.08289
7250	39.08349
7270	39.08259
7290	39.07614
7310	39.07974
7330	39.0797
7350	39.07851
7370	39.08291
7390	39.07645
7410	39.0729
7430	39.07439
7450	39.07438
7470	39.07313
7490	39.07043
7510	39.0723
7530	39.07364
7550	39.0734
7570	39.06993
7590	39.06655
7610	39.06418
7630	39.05949
7650	39.0548
7670	39.04399
7690	39.04711
7710	39.04089
7730	39.03899
7750	39.03637
7770	39.03524
7790	39.03954
7810	39.03716
7830	39.0321
7850	39.02561
7870	39.02922
7890	39.01917
7910	39.01272
7930	39.01384
7950	39.00812
7970	39.01717
7990	39.01558
8010	39.01658
8030	39.01461
8050	39.0131
8070	39.01073
8090	39.00414
8110	39.00391
8130	39.00819
8150	39.00699
8170	39.0077
8190	39.00114
8210	38.98657
8230	38.99046
8250	38.98923
8270	38.99261
8290	38.98832
8310	38.97495
8330	38.97342
8350	38.97265
8370	38.97254
8390	38.963
8410	38.97027
8430	38.95493
8450	38.94675
8470	38.94381
8490	38.95562
8510	38.92793
8530	38.95897
8550	38.91945
8570	38.96618
8590	38.94641
8610	38.94485
8630	38.97029
8650	38.96493
8670	38.91507
8690	38.95618
8710	38.96997
8730	38.96515
8750	38.93256
8770	38.95898
8790	38.96949
8810	38.96221
8830	38.9627
8850	38.95269
8870	38.92635
8890	38.95958
8910	38.96785
8930	38.95916
8950	38.95876
8970	38.9575
8990	38.95151
9010	38.91518
9030	38.93378
9050	38.9559
9070	38.95249
9090	38.94066
9110	38.94429
9130	38.95063
9150	38.94648
9170	38.94408
9190	38.94548
9210	38.92547
9230	38.89372
9250	38.91669
9270	38.92279
9290	38.92316
9310	38.927
9330	38.92455
9350	38.9221
9370	38.91549
9390	38.9197
9410	38.90825
9430	38.91738
9450	38.90955
9470	38.91569
9490	38.91513
9510	38.9095
9530	38.90252
9550	38.86718
9570	38.89616
9590	38.90818
9610	38.90242
9630	38.90155
9650	38.89521
9670	38.89304
9690	38.89886
9710	38.8951
9730	38.89207
9750	38.88877
9770	38.88943
9790	38.88291
9810	38.89171
9830	38.88669
9850	38.88921
9870	38.88562
9890	38.88398
9910	38.88166
9930	38.88134
9950	38.87975
9970	38.8794
9990	38.8763
10025	38.86011
10075	38.84904
10125	38.86063
10175	38.8548
10225	38.85236
10275	38.84956
10325	38.83951
10375	38.83389
10425	38.83245
10475	38.82636
10525	38.82442
10575	38.81775
10625	38.81469
10675	38.80438
10725	38.80307
10775	38.79746
10825	38.78994
10875	38.78751
10925	38.77399
10975	38.77611
11025	38.77988
11075	38.77662
11125	38.77158
11175	38.76511
11225	38.76268
11275	38.75333
11325	38.74972
11375	38.74551
11425	38.73911
11475	38.74145
11525	38.73787
11575	38.73037
11625	38.72286
11675	38.7207
11725	38.72208
11775	38.71258
11825	38.709
11875	38.70089
11925	38.70555
11975	38.69042
12025	38.69551
12075	38.68925
12125	38.68707
12175	38.68569
12225	38.6808
12275	38.67616
12325	38.67129
12375	38.66884
12425	38.66406
12475	38.66098
12525	38.65417
12575	38.65071
12625	38.64706
12675	38.64124
12725	38.63921
12775	38.63585
12825	38.61226
12875	38.62517
12925	38.61885
12975	38.62228
13025	38.6152
13075	38.61617
13125	38.60752
13175	38.60546
13225	38.60469
13275	38.59642
13325	38.59852
13375	38.59287
13425	38.5943
13475	38.59033
13525	38.58791
13575	38.58036
13625	38.57741
13675	38.5774
13725	38.57653
13775	38.57298
13825	38.57216
13875	38.56654
13925	38.56721
13975	38.56604
14025	38.55817
14075	38.56068
14125	38.55379
14175	38.556
14225	38.54847
14275	38.53984
14325	38.54597
14375	38.54502
14425	38.53136
14475	38.53866
14525	38.53137
14570	38.53271
14620	38.52576
14675	38.52388
14725	38.51492
14775	38.51535
14825	38.51313
14875	38.50715
14925	38.51388
14975	38.50588
15025	38.5018
15075	38.49646
15125	38.50112
15175	38.50031
15225	38.49951
15275	38.49974
15325	38.49557
15375	38.4995
15425	38.49521
15475	38.49597
15525	38.48915
15575	38.46817
15625	38.48114
15675	38.47535
15725	38.48278
15775	38.45338
15825	38.46162
15875	38.45225
15925	38.46579
15975	38.4557
16050	38.47799
16150	38.47263
16250	38.47338
16350	38.46956
16450	38.45805
16550	38.45745
16650	38.45086
16750	38.43981
16850	38.42731
16950	38.43061
17050	38.4159
17150	38.41372
17250	38.3981
17350	38.38397
17450	38.3834
17550	38.37588
17650	38.36937
17750	38.35877
17850	38.3548
17950	38.34432
18050	38.33289
18150	38.32159
18250	38.31539
18350	38.30827
18450	38.29855
18550	38.29481
18650	38.28164
18750	38.2717
18850	38.271
18950	38.2518
19050	38.26022
19150	38.2511
19250	38.24587
19350	38.23306
19450	38.22119
19550	38.22417
19650	38.21638
19750	38.20686
19850	38.2027
19950	38.19665
20050	38.19461
20150	38.18826
20250	38.17483
20350	38.16924
20450	38.16949
20550	38.16082
20650	38.1527
20750	38.14737
20850	38.13911
20950	38.1301
21050	38.12873
21150	38.11974
21250	38.1122
21350	38.10991
21450	38.10219
21550	38.09336
21650	38.07906
21750	38.07561
21850	38.07127
21950	38.06601
22050	38.05286
22150	38.05381
22250	38.04053
22350	38.03596
22450	38.03047
22550	38.02619
22650	38.01538
22750	38.01562
22850	38.00188
22950	37.93512
23050	37.96303
23150	37.95692
23250	37.89605
23350	37.92731
23450	37.91227
23550	37.855
23650	37.89452
23750	37.87866
23850	37.83363
23950	37.86613
24050	37.85929
24150	37.8188
24250	37.84501
24350	37.83909
24450	37.81458
24550	37.81552
24650	37.82773
24750	37.81247
24850	37.79241
24950	37.80313
25050	37.81676
25150	37.7786
25250	37.79499
25350	37.7939
25450	37.7852
25550	37.77637
25650	37.77472
25750	37.779
25850	37.75525
25950	37.75929
26050	37.76326
26150	37.74851
26250	37.7395
26350	37.74673
26450	37.74392
26550	37.73515
26650	37.72526
26750	37.73372
26850	37.7297
26950	37.71497
27050	37.7205
27150	37.71545
27250	37.71566
27350	37.70035
27450	37.70422
27550	37.70211
27650	37.69518
27750	37.68509
27850	37.68791
27950	37.68763
28050	37.68231
28150	37.67271
28250	37.67191
28350	37.67104
28450	37.66523
28550	37.65947
28650	37.65542
28750	37.64997
28850	37.64754
28950	37.64311
29050	37.63802
29150	37.63491
29250	37.62592
29350	37.62684
29450	37.61981
29550	37.61537
29650	37.61308
29750	37.60854
29850	37.60228
29950	37.59763
30050	37.59264
30150	37.58956
30250	37.583
30350	37.57495
30450	37.57359
30550	37.56866
30650	37.56394
30750	37.56011
30850	37.55278
30950	37.54868
31050	37.54581
31150	37.53737
31250	37.53461
31350	37.52951
31450	37.52398
31550	37.51847
31650	37.51204
31750	37.50879
31850	37.50321
31950	37.49875
32100	37.49013
32300	37.47931
32500	37.4697
32700	37.4597
32900	37.44516
33100	37.43704
33300	37.42774
33500	37.42019
33700	37.41049
33900	37.40105
34100	37.39143
34300	37.38437
34500	37.37617
34700	37.36721
34900	37.35882
35100	37.3509
35300	37.34095
35500	37.33362
35700	37.32462
35900	37.31595
36100	37.30843
36300	37.30033
36500	37.28998
36700	37.28173
36900	37.27036
37100	37.26144
37300	37.25472
37500	37.24129
37700	37.2384
37900	37.22948
38100	37.2211
38300	37.21386
38500	37.20626
38700	37.19564
38900	37.18841
39100	37.18102
39300	37.17417
39500	37.16424
39700	37.15741
39900	37.14693
40100	37.14126
40300	37.13541
40500	37.12652
40700	37.1208
40900	37.1138
41100	37.10677
41300	37.10019
41500	37.09205
41700	37.0837
41900	37.07686
42100	37.06894
42300	37.06448
42500	37.05559
42700	37.04969
42900	37.0187
43100	36.98607
43300	36.99101
43500	36.96298
43700	36.9473
43900	36.93592
44100	36.90986
44300	36.90663
44500	36.89619
44700	36.87015
44900	36.87581
45100	36.86217
45300	36.84752
45500	36.85002
45700	36.84372
45900	36.82592
46100	36.83284
46300	36.82196
46500	36.81735
46700	36.81763
46900	36.81026
47100	36.80214
47300	36.8076
47500	36.79798
47700	36.79348
47900	36.79048
48100	36.77967
48300	36.7861
48500	36.77823
48700	36.77004
48900	36.76645
49100	36.76173
49300	36.75714
49500	36.74971
49700	36.75151
49900	36.74494
50100	36.7424
50300	36.73797
50500	36.72895
50700	36.72824
50900	36.72325
51100	36.7171
51300	36.71401
51500	36.70867
51700	36.71038
51900	36.70376
52100	36.70016
52300	36.69387
52500	36.69252
52700	36.69437
52900	36.68348
53100	36.67753
53300	36.67721
53500	36.67262
53700	36.66896
53900	36.66566
54100	36.66186
54300	36.65449
54500	36.65526
54700	36.647
54900	36.64598
55100	36.63914
55300	36.64542
55500	36.63269
55700	36.63461
55900	36.62825
56100	36.6288
56300	36.62029
56500	36.62122
56700	36.61727
56900	36.60973
57100	36.61137
57300	36.60798
57500	36.60405
57700	36.6003
57900	36.5997
58100	36.59458
58300	36.5918
58500	36.5885
58700	36.58281
58900	36.58051
59100	36.57659
59300	36.57526
59500	36.57024
59700	36.56931
59900	36.56608
60100	36.56274
60300	36.55922
60500	36.55424
60700	36.55148
60900	36.54771
61100	36.54393
61300	36.54206
61500	36.53951
61700	36.53775
61900	36.53366
62100	36.53156
62300	36.52685
62500	36.52227
62700	36.51923
62900	36.51649
63100	36.51314
63300	36.51163
63500	36.50741
63700	36.50593
63900	36.50118
64200	36.49664
64600	36.48934
65000	36.48299
65400	36.47628
65800	36.47049
66200	36.46363
66600	36.4579
67000	36.45247
67400	36.44638
67800	36.44089
68200	36.43526
68600	36.43027
69000	36.42459
69400	36.41937
69800	36.41412
70200	36.40873
70600	36.40393
71000	36.39869
71400	36.39387
71800	36.38874
72200	36.38396
72600	36.37898
73000	36.37423
73400	36.36933
73800	36.36473
74200	36.35968
74600	36.35469
75000	36.35016
75400	36.34594
75800	36.34177
76200	36.33731
76600	36.33268
77000	36.32803
77400	36.32357
77800	36.31921
78200	36.31475
78600	36.31052
79000	36.30625
79400	36.30208
79800	36.29839
80200	36.29444
80600	36.2908
81000	36.2874
81400	36.28375
81800	36.2804
82200	36.27696
82600	36.27355
83000	36.27026
83400	36.26686
83800	36.26363
84200	36.26056
84600	36.25738
85000	36.25434
85400	36.2513
85800	36.24834
86200	36.24543
86600	36.24253
87000	36.23962
87400	36.23677
87800	36.23393
88200	36.23106
88600	36.22831
89000	36.22561
89400	36.22299
89800	36.22023
90200	36.21772
90600	36.21515
91000	36.21228
91400	36.20922
91800	36.20671
92200	36.20423
92600	36.20169
93000	36.19922
93400	36.19674
93800	36.19434
94200	36.19201
94600	36.18963
95000	36.1875
95400	36.18546
95800	36.18342
96200	36.18139
96600	36.17945
97000	36.17749
97400	36.17541
97800	36.17364
98200	36.17182
98600	36.17
99000	36.16822
99400	36.16639
99800	36.16466
100200	36.16293
200000	36.0247
400000	35.96444
600000	35.9059
800000	35.83885
1000000	35.75964
1200000	35.66272
1400000	35.53778
1600000	35.36168
