1445	10
755	0.0001000000000000
755	0.0007000000000000
756	0.0005300000000000
756	0.0024800000000000
757	0.0000500000000000
757	0.0038000000000000
758	0.0022200000000000
758	0.0041700000000000
759	0.0069600000000000
759	0.0076100000000000
760	0.0134200000000000
760	0.0177900000000000
761	0.0251100000000000
761	0.0315300000000000
762	0.0425600000000000
762	0.0553400000000000
763	0.0683400000000000
763	0.0881000000000000
764	0.1057300000000000
764	0.1259200000000000
765	0.1471700000000000
765	0.1689000000000000
766	0.1887500000000000
766	0.2079100000000000
767	0.2254100000000000
767	0.2453300000000000
768	0.2590300000000000
768	0.2735400000000000
769	0.2862200000000000
769	0.2959500000000000
770	0.3085100000000000
770	0.3127600000000000
771	0.3235800000000000
771	0.3300400000000000
772	0.3381900000000000
772	0.3505100000000000
773	0.3619400000000000
773	0.3746100000000000
774	0.3906100000000000
774	0.4099900000000000
775	0.4333400000000000
775	0.4594600000000000
776	0.4844800000000000
776	0.5170900000000000
777	0.5524400000000000
777	0.5943100000000000
778	0.6368800000000000
778	0.6862900000000000
779	0.7430300000000000
779	0.8073000000000000
780	0.8830900000000000
780	0.9675300000000000
781	1.0611900000000000
781	1.1755600000000000
782	1.3061800000000000
782	1.4521400000000000
783	1.6245700000000000
783	1.8203100000000000
784	2.0389200000000000
784	2.2977700000000000
785	2.5757800000000000
785	2.9026000000000000
786	3.2736700000000000
786	3.6681600000000000
787	4.1228100000000000
787	4.6096500000000000
788	5.1185000000000000
788	5.6729900000000000
789	6.2305200000000000
789	6.8027400000000000
790	7.3883400000000000
790	7.9545700000000000
791	8.5302900000000000
791	9.0838100000000000
792	9.6263600000000000
792	10.1921800000000000
793	10.7213900000000000
793	11.2685700000000000
794	11.8372400000000000
794	12.4357000000000000
795	13.0629900000000000
795	13.7453600000000000
796	14.4966400000000000
796	15.3570900000000000
797	16.3039200000000000
797	17.3808600000000000
798	18.6182900000000000
798	19.9878300000000000
799	21.5570900000000000
799	23.3336300000000000
800	25.3123300000000000
800	27.6042600000000000
801	30.0358800000000000
801	32.8062100000000000
802	35.8067400000000000
802	39.0137800000000000
803	42.4195400000000000
803	46.0135800000000000
804	49.7103600000000000
804	53.5924600000000000
805	57.3403300000000000
805	61.0322100000000000
806	64.7437400000000000
806	68.1285500000000000
807	71.4000800000000000
807	74.4412200000000000
808	77.1798100000000000
808	79.6585100000000000
809	82.0116400000000000
809	83.9514400000000000
810	85.6341300000000000
810	87.0287500000000000
811	88.0291400000000000
811	88.7273400000000000
812	89.1422700000000000
812	89.4284400000000000
813	89.4769400000000000
813	89.4811600000000000
814	89.4392700000000000
814	89.3578600000000000
815	89.3611000000000000
815	89.4428900000000000
816	89.4441500000000000
816	89.4086500000000000
817	89.3685800000000000
817	89.2204500000000000
818	88.9151500000000000
818	88.4776700000000000
819	87.8487800000000000
819	87.0032000000000000
820	85.9599200000000000
820	84.9206400000000000
821	83.7648800000000000
821	82.6151000000000000
822	81.4173400000000000
822	80.4092300000000000
823	79.4493000000000000
823	78.6304900000000000
824	77.9550600000000000
824	77.5053000000000000
825	77.1506000000000000
825	76.9213000000000000
826	76.8152000000000000
826	76.7928500000000000
827	76.7104100000000000
827	76.6726500000000000
828	76.5581300000000000
828	76.2826900000000000
829	75.9264300000000000
829	75.6408500000000000
830	75.2208900000000000
830	74.8832200000000000
831	74.6052500000000000
831	74.4533200000000000
832	74.5251100000000000
833	75.3886000000000000
833	76.0576100000000000
834	76.9426700000000000
834	77.7821800000000000
835	78.6182100000000000
835	79.2718100000000000
836	79.7113000000000000
836	79.7293500000000000
837	79.4894400000000000
837	78.9039700000000000
838	78.1596000000000000
838	77.2533000000000000
839	76.4403800000000000
839	75.5962200000000000
840	75.1035700000000000
840	74.7819700000000000
841	74.6503900000000000
841	74.6417500000000000
842	74.7406200000000000
842	74.6589200000000000
843	74.3369100000000000
843	73.6114800000000000
844	72.3894400000000000
844	70.6424800000000000
845	68.5543700000000000
845	66.1455900000000000
846	63.6128200000000000
846	61.1174900000000000
847	58.9475000000000000
847	57.1856600000000000
848	56.0624700000000000
848	55.4428700000000000
849	55.6619500000000000
849	56.6268500000000000
850	58.3561200000000000
850	60.8039900000000000
851	63.7670400000000000
851	67.1610100000000000
852	70.6465800000000000
852	73.9295000000000000
853	76.6308700000000000
853	78.1064200000000000
854	78.5731000000000000
854	77.6825000000000000
855	75.6459600000000000
855	72.6715400000000000
856	69.2737400000000000
856	65.7521000000000000
857	62.4774100000000000
857	59.6631900000000000
858	57.4137400000000000
858	55.7730300000000000
859	55.0433700000000000
859	54.8640600000000000
860	55.3731700000000000
860	56.5115800000000000
861	58.2754100000000000
861	60.5400500000000000
862	63.1830800000000000
862	65.9871100000000000
863	68.8848900000000000
863	71.8876300000000000
864	74.5347000000000000
864	76.8427100000000000
865	79.0102800000000000
865	80.4282900000000000
866	81.7303900000000000
866	82.5672800000000000
867	83.0543400000000000
867	83.6135900000000000
868	84.1119900000000000
868	84.7401000000000000
869	85.4078100000000000
869	86.1102400000000000
870	87.0446100000000000
870	87.6293300000000000
871	88.2126400000000000
871	88.2445800000000000
872	87.5820800000000000
872	86.6336700000000000
873	85.0744000000000000
873	82.5197100000000000
874	79.9467900000000000
874	76.7146900000000000
875	73.4996800000000000
875	69.7684900000000000
876	66.9065700000000000
876	64.3550000000000000
877	61.8855200000000000
877	59.7246800000000000
878	57.9085100000000000
878	56.5529100000000000
879	55.1741300000000000
879	54.1363000000000000
880	53.0542600000000000
880	51.7748000000000000
881	50.6489800000000000
881	49.4056500000000000
882	48.0250300000000000
882	46.5948600000000000
883	45.1091700000000000
883	43.3919400000000000
884	41.7161900000000000
884	40.4133500000000000
885	39.1844700000000000
885	38.2179600000000000
886	37.5292200000000000
886	37.0258700000000000
887	36.8992400000000000
887	37.1298900000000000
888	37.7811500000000000
888	38.7450300000000000
889	39.9810100000000000
889	41.5648400000000000
890	43.4519900000000000
890	45.3173400000000000
891	47.0412000000000000
891	48.6432800000000000
892	49.9154600000000000
892	50.7410800000000000
893	50.9559300000000000
893	50.6063200000000000
894	49.7741100000000000
894	48.5140500000000000
895	47.0083600000000000
895	45.3419300000000000
896	43.6577200000000000
896	42.1764500000000000
897	41.0361800000000000
897	40.1401500000000000
898	39.6405400000000000
898	39.5791800000000000
899	39.9480500000000000
899	40.7862800000000000
900	42.1803600000000000
900	43.8267300000000000
901	46.1068300000000000
901	48.8478200000000000
902	52.0567000000000000
902	55.6789100000000000
903	59.3600900000000000
903	63.1750800000000000
904	67.0079300000000000
904	70.4527100000000000
905	73.9001000000000000
905	76.8356100000000000
906	79.0321000000000000
906	80.6821700000000000
907	81.8629200000000000
907	82.4800900000000000
908	82.8832200000000000
908	83.0183300000000000
909	83.0248900000000000
909	83.0676700000000000
910	83.1328100000000000
910	83.3407300000000000
911	83.6931900000000000
911	84.1033700000000000
912	84.6635700000000000
912	85.2375800000000000
913	85.8582800000000000
913	86.3498800000000000
914	86.8473400000000000
914	87.2730300000000000
915	87.6219700000000000
915	87.7977800000000000
916	87.9138900000000000
916	87.9049800000000000
917	87.8773700000000000
917	87.8119300000000000
918	87.7565200000000000
918	87.6895300000000000
919	87.6109400000000000
919	87.6066900000000000
920	87.4856300000000000
920	87.4027200000000000
921	87.2348400000000000
921	86.9123200000000000
922	86.5019600000000000
922	85.9576800000000000
923	85.2806200000000000
923	84.4444000000000000
924	83.4287000000000000
924	82.2986800000000000
925	81.0701800000000000
925	79.9752000000000000
926	78.8488500000000000
926	77.7582600000000000
927	76.8528400000000000
927	75.9701500000000000
928	75.3225500000000000
928	74.8772900000000000
929	74.6514100000000000
929	74.6341400000000000
930	74.7851300000000000
930	75.0805200000000000
931	75.5888100000000000
931	76.2074800000000000
932	76.9035600000000000
932	77.6593100000000000
933	78.3960000000000000
933	79.1510300000000000
934	79.9474000000000000
934	80.5992300000000000
935	81.2610500000000000
935	81.7240100000000000
936	82.1700100000000000
936	82.5264000000000000
937	82.8583500000000000
937	83.1156500000000000
938	83.3080400000000000
938	83.4782900000000000
939	83.5974300000000000
939	83.7832900000000000
940	83.8863700000000000
940	83.9773800000000000
941	84.0528300000000000
941	84.1113200000000000
942	84.1579000000000000
942	84.1473800000000000
943	84.0641800000000000
943	84.0543800000000000
944	83.9324500000000000
944	83.8497400000000000
945	83.7875600000000000
945	83.7294800000000000
946	83.7250400000000000
946	83.7793200000000000
947	83.8338200000000000
947	83.9839000000000000
948	84.1091100000000000
948	84.2597200000000000
949	84.4711300000000000
949	84.6323400000000000
950	84.7811000000000000
950	84.8778500000000000
951	84.8592600000000000
951	84.7621600000000000
952	84.5603800000000000
952	84.3342100000000000
953	83.9620300000000000
953	83.5217400000000000
954	83.1029500000000000
954	82.6786300000000000
955	82.2483700000000000
955	81.9146400000000000
956	81.6557900000000000
956	81.5103500000000000
957	81.5142200000000000
957	81.6164600000000000
958	81.8607200000000000
958	82.2438300000000000
959	82.7686600000000000
959	83.3788300000000000
960	84.0500000000000000
960	84.7064700000000000
961	85.3477400000000000
961	85.9749800000000000
962	86.5336300000000000
962	87.0165200000000000
963	87.4353000000000000
963	87.6709100000000000
964	87.7972900000000000
964	87.8880800000000000
965	87.8685800000000000
965	87.8341700000000000
966	87.7819200000000000
966	87.7446600000000000
967	87.7001500000000000
967	87.7292300000000000
968	87.7807100000000000
968	87.9532500000000000
969	88.1220600000000000
969	88.3066000000000000
970	88.5296900000000000
970	88.7413400000000000
971	88.9094200000000000
971	89.0816700000000000
972	89.1529500000000000
972	89.1426800000000000
973	89.1174300000000000
973	89.0171300000000000
974	88.8556100000000000
974	88.6802000000000000
975	88.5029800000000000
975	88.3357800000000000
976	88.2491100000000000
976	88.2469000000000000
977	88.3265800000000000
977	88.4880400000000000
978	88.7424700000000000
978	89.1004900000000000
979	89.4856000000000000
979	89.9434600000000000
980	90.3732100000000000
980	90.8009300000000000
981	91.1871600000000000
981	91.4643600000000000
982	91.5889700000000000
982	91.6424200000000000
983	91.4470300000000000
983	91.2048600000000000
984	90.8113300000000000
984	90.2866400000000000
985	89.6946600000000000
985	89.1199100000000000
986	88.5609100000000000
986	88.0783600000000000
987	87.5884100000000000
987	87.2869800000000000
988	87.1468200000000000
988	87.0757400000000000
989	87.1950700000000000
989	87.4559100000000000
990	87.8133900000000000
990	88.2879600000000000
991	88.8209700000000000
991	89.3829200000000000
992	89.9457800000000000
992	90.4584200000000000
993	90.8923600000000000
993	91.2660800000000000
994	91.5374800000000000
994	91.6276800000000000
995	91.6598600000000000
995	91.5666200000000000
996	91.4101100000000000
996	91.2283300000000000
997	90.9956700000000000
997	90.7311600000000000
998	90.5743900000000000
998	90.4223200000000000
999	90.3265200000000000
999	90.3279300000000000
1000	90.3700300000000000
1000	90.5337200000000000
1001	90.7155100000000000
1001	90.9038900000000000
1002	91.1270700000000000
1002	91.3486600000000000
1003	91.5298200000000000
1003	91.7172400000000000
1004	91.7600000000000000
1004	91.8258800000000000
1005	91.7945700000000000
1005	91.6974900000000000
1006	91.5775800000000000
1006	91.3963500000000000
1007	91.1816600000000000
1007	91.0303200000000000
1008	90.8897900000000000
1008	90.7730300000000000
1009	90.7118200000000000
1009	90.7040900000000000
1010	90.6881200000000000
1010	90.7684900000000000
1011	90.8186600000000000
1011	90.9111900000000000
1012	90.9612100000000000
1012	90.9302100000000000
1013	90.8449300000000000
1013	90.6479300000000000
1014	90.3262700000000000
1014	89.8962400000000000
1015	89.3852900000000000
1015	88.6764100000000000
1016	87.8992600000000000
1016	87.0078900000000000
1017	86.1082500000000000
1017	85.2390200000000000
1018	84.3776900000000000
1018	83.5111200000000000
1019	82.7482100000000000
1019	82.0072800000000000
1020	81.4748200000000000
1020	81.0709800000000000
1021	80.7535000000000000
1021	80.5849200000000000
1022	80.5379500000000000
1022	80.5950500000000000
1023	80.7400300000000000
1023	80.9486100000000000
1024	81.1704400000000000
1025	81.9141500000000000
1026	82.1224700000000000
1026	82.2081600000000000
1027	82.2798300000000000
1027	82.2545100000000000
1028	82.1882700000000000
1028	82.0376700000000000
1029	81.9005900000000000
1029	81.7167200000000000
1030	81.5370400000000000
1030	81.3654900000000000
1031	81.2530000000000000
1031	81.1608300000000000
1032	81.1101700000000000
1032	81.1289700000000000
1033	81.1893200000000000
1033	81.3266500000000000
1034	81.4696800000000000
1034	81.7362700000000000
1035	81.9170500000000000
1035	82.1950900000000000
1036	82.4732100000000000
1036	82.6936200000000000
1037	82.9974200000000000
1037	83.2133900000000000
1038	83.4520600000000000
1038	83.7484100000000000
1039	83.9639700000000000
1039	84.2701100000000000
1040	84.5559500000000000
1040	84.8798700000000000
1041	85.2352800000000000
1041	85.7275300000000000
1042	86.1793400000000000
1042	86.7104600000000000
1043	87.2716800000000000
1043	87.7919900000000000
1044	88.3259800000000000
1044	88.8668600000000000
1045	89.2667700000000000
1045	89.5439500000000000
1046	89.6237100000000000
1046	89.5051800000000000
1047	89.1671200000000000
1047	88.5539100000000000
1048	87.6379500000000000
1048	86.4793600000000000
1049	85.1645000000000000
1049	83.5755600000000000
1050	81.9547700000000000
1050	80.1369900000000000
1051	78.1849100000000000
1051	76.2250700000000000
1052	74.5493100000000000
1052	72.9029200000000000
1053	71.3946600000000000
1053	69.9817400000000000
1054	68.7671900000000000
1054	67.7706500000000000
1055	67.0465600000000000
1055	66.5700000000000000
1056	66.2662500000000000
1056	66.1874100000000000
1057	66.3637900000000000
1057	66.6978800000000000
1058	67.2358500000000000
1058	67.9376100000000000
1059	68.7937500000000000
1059	69.7618600000000000
1060	70.8454000000000000
1060	72.0840100000000000
1061	73.2861600000000000
1061	74.4655800000000000
1062	75.6679700000000000
1062	76.8063500000000000
1063	77.8368100000000000
1063	78.9064900000000000
1064	79.8801600000000000
1064	80.6077400000000000
1065	81.2270500000000000
1065	81.7112200000000000
1066	82.0325700000000000
1066	82.2139800000000000
1067	82.2094100000000000
1067	82.0180200000000000
1068	81.6973100000000000
1068	81.1728800000000000
1069	80.4617900000000000
1069	79.6022800000000000
1070	78.4939100000000000
1070	77.2491700000000000
1071	75.9174400000000000
1071	74.4723200000000000
1072	72.9692500000000000
1072	71.2319900000000000
1073	69.4702600000000000
1073	67.7191800000000000
1074	66.0200300000000000
1074	64.3916200000000000
1075	62.7877200000000000
1075	61.3117600000000000
1076	59.8787000000000000
1076	58.5608500000000000
1077	57.5507400000000000
1077	56.6850700000000000
1078	55.9549400000000000
1078	55.4368200000000000
1079	55.1126600000000000
1079	55.0025600000000000
1080	55.1046800000000000
1080	55.4083200000000000
1081	55.8965800000000000
1081	56.6170000000000000
1082	57.5483600000000000
1082	58.6880300000000000
1083	60.0367200000000000
1083	61.5056000000000000
1084	63.0848800000000000
1084	64.8932700000000000
1085	66.7936600000000000
1085	68.8266400000000000
1086	70.9768000000000000
1086	73.0371300000000000
1087	75.0790200000000000
1087	77.0623200000000000
1088	79.0540100000000000
1088	80.9017800000000000
1089	82.6911500000000000
1089	84.2693900000000000
1090	85.6466800000000000
1090	86.8542500000000000
1091	87.8999600000000000
1091	88.8044100000000000
1092	89.5620400000000000
1092	90.1127900000000000
1093	90.5502900000000000
1093	90.7644800000000000
1094	90.8707900000000000
1094	90.8672700000000000
1095	90.6796500000000000
1095	90.3108500000000000
1096	89.8742500000000000
1096	89.2361900000000000
1097	88.5354400000000000
1097	87.6813500000000000
1098	86.6354400000000000
1098	85.4973100000000000
1099	84.3010200000000000
1099	83.1199600000000000
1100	81.8309800000000000
1100	80.5664100000000000
1101	79.3198100000000000
1101	78.0849300000000000
1102	76.9496600000000000
1102	75.9732700000000000
1103	75.1491700000000000
1103	74.4360400000000000
1104	73.8769500000000000
1104	73.4803800000000000
1105	73.3232400000000000
1105	73.3063200000000000
1106	73.5360700000000000
1106	73.9815800000000000
1107	74.5763500000000000
1107	75.3920000000000000
1108	76.3612800000000000
1108	77.4833300000000000
1109	78.6994600000000000
1109	79.9956400000000000
1110	81.3098600000000000
1110	82.7452100000000000
1111	84.1953700000000000
1111	85.5016000000000000
1112	86.6484300000000000
1112	87.7199200000000000
1113	88.6095200000000000
1113	89.3053200000000000
1114	89.8448000000000000
1114	90.1844500000000000
1115	90.3230500000000000
1115	90.2663700000000000
1116	90.0827600000000000
1116	89.7775000000000000
1117	89.4488700000000000
1117	88.9718200000000000
1118	88.5396300000000000
1118	88.1358200000000000
1119	87.7558600000000000
1119	87.4714900000000000
1120	87.2462000000000000
1120	87.0919000000000000
1121	87.0642200000000000
1121	87.0985000000000000
1122	87.2004900000000000
1122	87.3904600000000000
1123	87.6047100000000000
1123	87.8779200000000000
1124	88.1566400000000000
1124	88.3861200000000000
1125	88.5822700000000000
1125	88.7269400000000000
1126	88.8054400000000000
1126	88.8141500000000000
1127	88.7024200000000000
1127	88.5298100000000000
1128	88.3070100000000000
1128	87.9962500000000000
1129	87.6381100000000000
1129	87.2306300000000000
1130	86.7866400000000000
1130	86.3708200000000000
1131	85.9727600000000000
1131	85.6113400000000000
1132	85.3343500000000000
1132	85.0861600000000000
1133	84.9572800000000000
1133	84.8626300000000000
1134	84.8691800000000000
1134	84.9804800000000000
1135	85.1250300000000000
1135	85.3440300000000000
1136	85.5885100000000000
1136	85.8997700000000000
1137	86.1561700000000000
1137	86.4539800000000000
1138	86.6483900000000000
1138	86.8083600000000000
1139	86.8705900000000000
1139	86.8758800000000000
1140	86.7671700000000000
1140	86.5623900000000000
1141	86.2220600000000000
1141	85.8283800000000000
1142	85.3345600000000000
1142	84.7500200000000000
1143	84.0775100000000000
1143	83.4900900000000000
1144	82.8701600000000000
1144	82.2723400000000000
1145	81.7162200000000000
1145	81.2146100000000000
1146	80.7836900000000000
1146	80.4790300000000000
1147	80.2672800000000000
1147	80.2101300000000000
1148	80.2810400000000000
1148	80.4581300000000000
1149	80.7973200000000000
1149	81.2589200000000000
1150	81.8105900000000000
1150	82.4467700000000000
1151	83.1995400000000000
1151	83.9827200000000000
1152	84.9061600000000000
1152	85.7857800000000000
1153	86.6515500000000000
1153	87.4861800000000000
1154	88.2767700000000000
1154	88.9972600000000000
1155	89.6686400000000000
1155	90.2458600000000000
1156	90.6594000000000000
1156	90.9969200000000000
1157	91.1960300000000000
1157	91.3408700000000000
1158	91.3549600000000000
1158	91.3026000000000000
1159	91.1636400000000000
1159	90.9811800000000000
1160	90.7985300000000000
1160	90.5808600000000000
1161	90.3627600000000000
1161	90.1555300000000000
1162	90.0067300000000000
1162	89.8759200000000000
1163	89.7807000000000000
1163	89.7596100000000000
1164	89.7567600000000000
1164	89.8146500000000000
1165	89.8873400000000000
1165	89.9831100000000000
1166	90.1186600000000000
1166	90.1562000000000000
1167	90.3071600000000000
1167	90.3703800000000000
1168	90.4143400000000000
1168	90.4080700000000000
1169	90.4022600000000000
1169	90.2715400000000000
1170	90.1658900000000000
1170	89.9847700000000000
1171	89.7530900000000000
1171	89.5135700000000000
1172	89.2344800000000000
1172	88.9943400000000000
1173	88.7203300000000000
1173	88.4665300000000000
1174	88.2446500000000000
1174	88.0310100000000000
1175	87.8890800000000000
1175	87.8112500000000000
1176	87.7934900000000000
1176	87.7991600000000000
1177	87.8771400000000000
1177	88.0192800000000000
1178	88.1847800000000000
1178	88.4034200000000000
1179	88.6467800000000000
1179	88.8867100000000000
1180	89.1341500000000000
1180	89.3550000000000000
1181	89.5354300000000000
1181	89.6267800000000000
1182	89.6334300000000000
1182	89.5976300000000000
1183	89.4336500000000000
1183	89.1609600000000000
1184	88.8044500000000000
1184	88.3229900000000000
1185	87.7889600000000000
1185	87.1622500000000000
1186	86.4560900000000000
1186	85.6542700000000000
1187	84.8387400000000000
1187	84.0678000000000000
1188	83.2912600000000000
1188	82.5782500000000000
1189	81.8842900000000000
1189	81.2497500000000000
1190	80.6907500000000000
1190	80.2514200000000000
1191	79.9546700000000000
1191	79.7406500000000000
1192	79.6653600000000000
1192	79.7324400000000000
1193	79.9341500000000000
1193	80.3033100000000000
1194	80.7547500000000000
1194	81.3131100000000000
1195	81.9981100000000000
1195	82.7907200000000000
1196	83.6992600000000000
1196	84.6804600000000000
1197	85.7333500000000000
1197	86.7145500000000000
1198	87.7284300000000000
1198	88.7487800000000000
1199	89.7199800000000000
1199	90.7385600000000000
1200	91.5815700000000000
1200	92.4418300000000000
1201	93.1354800000000000
1201	93.6827400000000000
1202	94.1868100000000000
1202	94.5115100000000000
1203	94.7727100000000000
1203	94.8837700000000000
1204	94.9032200000000000
1204	94.8761100000000000
1205	94.7621600000000000
1205	94.6106300000000000
1206	94.4046900000000000
1206	94.1804500000000000
1207	93.9862700000000000
1207	93.8000400000000000
1208	93.5803700000000000
1208	93.4280300000000000
1209	93.3091000000000000
1209	93.1837500000000000
1210	93.1838400000000000
1210	93.1196400000000000
1211	93.1612100000000000
1211	93.3584100000000000
1212	93.2673400000000000
1212	93.3155200000000000
1213	93.4421800000000000
1213	93.5066000000000000
1214	93.5972700000000000
1214	93.6360800000000000
1215	93.6842600000000000
1215	93.7005200000000000
1216	93.6275000000000000
1216	93.6268400000000000
1217	93.4472100000000000
1217	93.3909000000000000
1218	93.2792500000000000
1218	93.0932500000000000
1219	92.9292000000000000
1219	92.7390000000000000
1220	92.5795400000000000
1220	92.3997300000000000
1221	92.2418300000000000
1221	92.1007500000000000
1222	91.9708000000000000
1222	91.8965700000000000
1223	91.8376500000000000
1223	91.8243800000000000
1224	91.7813600000000000
1224	91.7963000000000000
1225	91.8519800000000000
1225	91.9089100000000000
1226	91.9582700000000000
1226	92.0063100000000000
1227	92.0384400000000000
1227	92.0391900000000000
1228	92.0070900000000000
1228	91.8955200000000000
1229	91.7894000000000000
1229	91.5823600000000000
1230	91.3236500000000000
1230	90.9743300000000000
1231	90.5600900000000000
1231	90.0316700000000000
1232	89.4733300000000000
1232	88.8643500000000000
1233	88.2029300000000000
1233	87.4932300000000000
1234	86.7631700000000000
1234	85.9363200000000000
1235	85.2093600000000000
1235	84.4691200000000000
1236	83.7586300000000000
1236	83.0766800000000000
1237	82.4472700000000000
1237	81.8100900000000000
1238	81.3254700000000000
1238	80.8938600000000000
1239	80.5559100000000000
1239	80.3101000000000000
1240	80.1322800000000000
1240	80.0575400000000000
1241	80.0821000000000000
1241	80.2086300000000000
1242	80.3995900000000000
1242	80.7253300000000000
1243	81.0795700000000000
1243	81.5366400000000000
1244	82.0629300000000000
1244	82.6337900000000000
1245	83.2607900000000000
1245	83.9168800000000000
1246	84.5934500000000000
1246	85.3334300000000000
1247	86.0446400000000000
1247	86.7496000000000000
1248	87.4234500000000000
1248	88.0719500000000000
1249	88.7212600000000000
1249	89.2963600000000000
1250	89.8643200000000000
1250	90.3439900000000000
1251	90.7844700000000000
1251	91.1361500000000000
1252	91.4453400000000000
1252	91.7778700000000000
1253	92.0365900000000000
1253	92.2450300000000000
1254	92.4207800000000000
1254	92.5786400000000000
1255	92.6741000000000000
1255	92.7903700000000000
1256	92.8728700000000000
1256	92.9905500000000000
1257	93.0862000000000000
1257	93.1698800000000000
1258	93.2509100000000000
1258	93.3292000000000000
1259	93.4194800000000000
1259	93.5521200000000000
1260	93.6166700000000000
1260	93.7052000000000000
1261	93.7750300000000000
1261	93.8593600000000000
1262	93.9351000000000000
1262	94.0003400000000000
1263	94.0441100000000000
1263	94.0829800000000000
1264	94.0763100000000000
1264	94.1206400000000000
1265	94.1075100000000000
1265	94.0970200000000000
1266	94.0780000000000000
1266	94.0412700000000000
1267	94.0274500000000000
1267	94.0055800000000000
1268	93.9815500000000000
1268	93.9576800000000000
1269	93.9603900000000000
1269	93.9661300000000000
1270	93.9813000000000000
1270	94.0326600000000000
1271	94.1010300000000000
1271	94.1336300000000000
1272	94.2282400000000000
1272	94.2525100000000000
1273	94.2965600000000000
1273	94.3366100000000000
1274	94.2826800000000000
1274	94.2241700000000000
1275	94.1346000000000000
1275	93.9187500000000000
1276	93.6198200000000000
1276	93.2625000000000000
1277	92.8052800000000000
1277	92.2242700000000000
1278	91.5080900000000000
1278	90.6557200000000000
1279	89.7542500000000000
1279	88.7365800000000000
1280	87.6685700000000000
1280	86.4483100000000000
1281	85.1902800000000000
1281	83.8136000000000000
1282	82.4322300000000000
1282	81.1335200000000000
1283	79.7554200000000000
1283	78.4288200000000000
1284	77.1298200000000000
1284	75.8421900000000000
1285	74.6202900000000000
1285	73.5633800000000000
1286	72.6138500000000000
1286	71.7280500000000000
1287	70.9520200000000000
1287	70.2709700000000000
1288	69.7624500000000000
1288	69.3825000000000000
1289	69.1339100000000000
1289	69.0271000000000000
1290	69.0629400000000000
1290	69.2062500000000000
1291	69.5351600000000000
1291	69.9888100000000000
1292	70.5059500000000000
1292	71.1939400000000000
1293	71.9600400000000000
1293	72.9057400000000000
1294	73.8770200000000000
1294	74.9528800000000000
1295	76.0329100000000000
1295	77.1773200000000000
1296	78.2747700000000000
1296	79.3968700000000000
1297	80.4699200000000000
1297	81.5794600000000000
1298	82.4988400000000000
1298	83.2898900000000000
1299	83.9096500000000000
1299	84.4038400000000000
1300	84.7712100000000000
1300	84.9308900000000000
1301	84.9273800000000000
1301	84.7760200000000000
1302	84.4255200000000000
1302	84.0293200000000000
1303	83.5009800000000000
1303	82.8252100000000000
1304	82.1511700000000000
1304	81.3912400000000000
1305	80.7196200000000000
1305	80.0436500000000000
1306	79.4007800000000000
1306	78.8174400000000000
1307	78.2720900000000000
1307	77.8861600000000000
1308	77.6103400000000000
1308	77.4566700000000000
1309	77.4316000000000000
1309	77.5252900000000000
1310	77.7690100000000000
1310	78.2021600000000000
1311	78.7006500000000000
1311	79.3574300000000000
1312	80.0971700000000000
1312	80.9813500000000000
1313	81.9624400000000000
1313	83.0123700000000000
1314	84.0414400000000000
1314	85.0626500000000000
1315	86.0604100000000000
1315	86.9967500000000000
1316	87.8460600000000000
1316	88.5597900000000000
1317	89.0501300000000000
1317	89.3296100000000000
1318	89.4074200000000000
1318	89.2296500000000000
1319	88.7795700000000000
1319	88.0961900000000000
1320	87.1287600000000000
1320	86.0232100000000000
1321	84.7131900000000000
1321	83.2687300000000000
1322	81.7030600000000000
1322	79.9279600000000000
1323	78.1280400000000000
1323	76.4606300000000000
1324	74.8041500000000000
1324	73.1781500000000000
1325	71.6609400000000000
1325	70.2411700000000000
1326	68.8764000000000000
1326	67.7378500000000000
1327	66.8088800000000000
1327	66.0059100000000000
1328	65.3631400000000000
1328	64.8786200000000000
1329	64.5878800000000000
1329	64.5063200000000000
1330	64.5950600000000000
1330	64.8946300000000000
1331	65.3648800000000000
1331	66.0467100000000000
1332	66.9739500000000000
1332	68.0735900000000000
1333	69.3175400000000000
1333	70.7367900000000000
1334	72.2883800000000000
1334	73.9773300000000000
1335	75.9653200000000000
1335	78.0362200000000000
1336	80.0275700000000000
1336	82.0644700000000000
1337	84.1045800000000000
1337	86.0368800000000000
1338	87.9590300000000000
1338	89.6779300000000000
1339	91.1310200000000000
1339	92.2212800000000000
1340	92.9986300000000000
1340	93.4564000000000000
1341	93.4978900000000000
1341	93.1428700000000000
1342	92.3922400000000000
1342	91.3740100000000000
1343	90.0167600000000000
1343	88.4119700000000000
1344	86.5076400000000000
1344	84.5262000000000000
1345	82.2871500000000000
1345	80.2237000000000000
1346	78.1240500000000000
1346	76.1534000000000000
1347	74.1429400000000000
1347	72.1934000000000000
1348	70.2905500000000000
1348	68.6589500000000000
1349	67.2100700000000000
1349	65.8946100000000000
1350	64.7342800000000000
1350	63.7392200000000000
1351	62.8234400000000000
1351	62.1086400000000000
1352	61.5546600000000000
1352	61.1430700000000000
1353	60.8709600000000000
1353	60.6908500000000000
1354	60.6473500000000000
1354	60.7648700000000000
1355	60.9594100000000000
1355	61.2538600000000000
1356	61.6743500000000000
1356	62.1208900000000000
1357	62.6734300000000000
1357	63.2721800000000000
1358	63.8366800000000000
1358	64.4600100000000000
1359	65.0967300000000000
1359	65.7607200000000000
1360	66.3830800000000000
1360	66.9656400000000000
1361	67.5537900000000000
1361	68.0738800000000000
1362	68.5079000000000000
1362	68.9068800000000000
1363	69.2633600000000000
1363	69.4961700000000000
1364	69.6302900000000000
1364	69.7034400000000000
1365	69.6980200000000000
1365	69.6556100000000000
1366	69.5735800000000000
1366	69.4627500000000000
1367	69.3104700000000000
1367	69.0974700000000000
1368	68.8792800000000000
1368	68.6613000000000000
1369	68.4392800000000000
1369	68.2484400000000000
1370	68.0813100000000000
1370	67.8914300000000000
1371	67.7781300000000000
1371	67.6268800000000000
1372	67.5585500000000000
1372	67.4854700000000000
1373	67.4459300000000000
1373	67.4523400000000000
1374	67.5012700000000000
1374	67.5441000000000000
1375	67.6642400000000000
1375	67.7826200000000000
1376	67.9462600000000000
1376	68.1085400000000000
1377	68.3205600000000000
1377	68.5075000000000000
1378	68.7518200000000000
1378	68.9405900000000000
1379	69.1804300000000000
1379	69.3939600000000000
1380	69.6396500000000000
1380	69.8452500000000000
1381	70.0783200000000000
1381	70.2757400000000000
1382	70.5100700000000000
1382	70.7032500000000000
1383	70.9466200000000000
1383	71.1385200000000000
1384	71.3490700000000000
1384	71.4646200000000000
1385	71.6395600000000000
1385	71.6972700000000000
1386	71.7745700000000000
1386	71.8411800000000000
1387	71.8022600000000000
1387	71.7382300000000000
1388	71.5927600000000000
1388	71.2941100000000000
1389	70.9108200000000000
1389	70.3653700000000000
1390	69.7172200000000000
1390	68.9555700000000000
1391	68.1006700000000000
1391	66.9347900000000000
1392	65.4578900000000000
1392	63.6598900000000000
1393	61.8246900000000000
1393	59.8892100000000000
1394	57.8588700000000000
1394	55.7023000000000000
1395	53.3351800000000000
1395	50.5122000000000000
1396	47.6953700000000000
1396	44.9653900000000000
1397	42.2969000000000000
1397	39.8157700000000000
1398	37.4509500000000000
1398	35.0157500000000000
1399	32.8228800000000000
1399	30.7073500000000000
1400	28.5894800000000000
1400	26.4353000000000000
1401	24.4642600000000000
1401	22.5480900000000000
1402	20.8369700000000000
1402	19.4383500000000000
1403	18.1867000000000000
1403	17.0291900000000000
1404	15.8649600000000000
1404	14.7366500000000000
1405	13.6811500000000000
1405	12.7424100000000000
1406	11.9291500000000000
1406	11.1302100000000000
1407	10.4354100000000000
1407	9.8096200000000000
1408	9.1955700000000000
1408	8.6246700000000000
1409	8.1173200000000000
1409	7.6384600000000000
1410	7.2203400000000000
1410	6.7929600000000000
1411	6.3835400000000000
1411	6.0420300000000000
1412	5.7452700000000000
1412	5.4655000000000000
1413	5.1823600000000000
1413	4.9155200000000000
1414	4.6563200000000000
1414	4.4095000000000000
1415	4.1904700000000000
1415	3.9921300000000000
1416	3.7974800000000000
1416	3.6156600000000000
1417	3.4591500000000000
1417	3.2839300000000000
1418	3.1311600000000000
1418	2.9941400000000000
1419	2.8577500000000000
1419	2.7175200000000000
1420	2.5946100000000000
1420	2.4596500000000000
1421	2.3558900000000000
1421	2.2589800000000000
1422	2.1553900000000000
1422	2.0689300000000000
1423	1.9758200000000000
1423	1.8922300000000000
1424	1.7989600000000000
1424	1.7393400000000000
1425	1.6655800000000000
1425	1.5869300000000000
1426	1.5265100000000000
1426	1.4509300000000000
1427	1.4010500000000000
1427	1.3366700000000000
1428	1.2900200000000000
1428	1.2436400000000000
1429	1.1892400000000000
1429	1.1346600000000000
1430	1.0956600000000000
1430	1.0425200000000000
1431	1.0164800000000000
1431	0.9702100000000000
1432	0.9326500000000000
1432	0.8950000000000000
1433	0.8574300000000000
1433	0.8233900000000000
1434	0.7939900000000000
1434	0.7689900000000000
1435	0.7320100000000000
1435	0.6974000000000000
1436	0.6906500000000000
1436	0.6597000000000000
1437	0.6265100000000000
1437	0.5956700000000000
1438	0.5761600000000000
1438	0.5574400000000000
1439	0.5290000000000000
1439	0.5051300000000000
1440	0.4782600000000000
1440	0.4753300000000000
1441	0.4544700000000000
1441	0.4275800000000000
1442	0.4104500000000000
1442	0.3981400000000000
1443	0.3783200000000000
1443	0.3598900000000000
1444	0.3462200000000000
1444	0.3514700000000000
1445	0.3173100000000000
1445	0.3018800000000000
1446	0.2907600000000000
1446	0.2809600000000000
1447	0.2739200000000000
1447	0.2689600000000000
1448	0.2653600000000000
1448	0.2297600000000000
1449	0.2263600000000000
1449	0.2160900000000000
1450	0.2148600000000000
1450	0.2010000000000000
1451	0.1994800000000000
1451	0.1943800000000000
1452	0.1850500000000000
1452	0.1791100000000000
1453	0.1759300000000000
1453	0.1652200000000000
1454	0.1541400000000000
1454	0.1564600000000000
1455	0.1419100000000000
1455	0.1428800000000000
1456	0.1358900000000000
1456	0.1330500000000000
1457	0.1352800000000000
1457	0.1380600000000000
1458	0.1325100000000000
1458	0.1233800000000000
1459	0.1164700000000000
1459	0.1132400000000000
1460	0.1091900000000000
1460	0.0994000000000000
1461	0.0916600000000000
1461	0.0817900000000000
1462	0.0783000000000000
1462	0.0697700000000000
1463	0.0703700000000000
1463	0.0678500000000000
1464	0.0640700000000000
1464	0.0687300000000000
1465	0.0724800000000000
1465	0.0479700000000000
1466	0.0472800000000000
1466	0.0480900000000000
1467	0.0423200000000000
1467	0.0442400000000000
1468	0.0409200000000000
1468	0.0336700000000000
1469	0.0279000000000000
1469	0.0257700000000000
1470	0.0170100000000000
1470	0.0255200000000000
1471	0.0252600000000000
1471	0.0200800000000000
1472	0.0344900000000000
1472	0.0185800000000000
1473	0.0133600000000000
1473	0.0096400000000000
1474	0.0122000000000000
1474	0.0081500000000000
1475	0.0126000000000000
1475	0.0096600000000000
1476	0.0189200000000000
1476	0.0137200000000000
1477	0.0119600000000000
1477	0.0194600000000000
1478	0.0060100000000000
1478	0.0190200000000000