2048 1
6220.68	0.001923444
6223.15	0.002111493
6225.62	0.002289730
6228.09	0.002056664
6230.56	0.002193188
6233.03	0.002091599
6235.49	0.002121466
6237.96	0.002060449
6240.43	0.002056755
6242.9	0.002222653
6245.37	0.002133376
6247.83	0.002088604
6250.3	0.002150360
6252.77	0.002113226
6255.24	0.002211327
6257.71	0.002228324
6260.18	0.002197362
6262.64	0.002138878
6265.11	0.002106131
6267.58	0.002095109
6270.05	0.002204738
6272.52	0.002181139
6274.99	0.002120808
6277.45	0.002167087
6279.92	0.002244504
6282.39	0.002141475
6284.86	0.002208214
6287.33	0.002196499
6289.8	0.002164823
6292.26	0.002178924
6294.73	0.002109046
6297.2	0.002273817
6299.67	0.002309832
6302.14	0.002207022
6304.6	0.002195076
6307.07	0.002186417
6309.54	0.002182496
6312.01	0.002332454
6314.48	0.002209241
6316.95	0.002268164
6319.41	0.002258033
6321.88	0.002122487
6324.35	0.002117327
6326.82	0.002180619
6329.29	0.002006152
6331.76	0.002120351
6334.22	0.002266905
6336.69	0.002250361
6339.16	0.002214585
6341.63	0.002236126
6344.1	0.002245137
6346.57	0.002244384
6349.03	0.002167766
6351.5	0.002097843
6353.97	0.002138255
6356.44	0.002355980
6358.91	0.002336140
6361.37	0.002211486
6363.84	0.002153124
6366.31	0.002213270
6368.78	0.002160529
6371.25	0.002276621
6373.72	0.002265760
6376.18	0.002213823
6378.65	0.002281919
6381.12	0.002337647
6383.59	0.002167668
6386.06	0.002303204
6388.53	0.002178849
6390.99	0.002281498
6393.46	0.002204449
6395.93	0.002159076
6398.4	0.002242738
6400.87	0.002267544
6403.34	0.002272904
6405.8	0.002281729
6408.27	0.002154815
6410.74	0.002282998
6413.21	0.002327173
6415.68	0.002264531
6418.14	0.002110892
6420.61	0.002145172
6423.08	0.002264439
6425.55	0.002255846
6428.02	0.002265886
6430.49	0.002212686
6432.95	0.002235890
6435.42	0.002330626
6437.89	0.002330936
6440.36	0.002308681
6442.83	0.002380181
6445.3	0.002336731
6447.76	0.002276149
6450.23	0.002300047
6452.7	0.002204088
6455.17	0.002239119
6457.64	0.002325169
6460.11	0.002346013
6462.57	0.002296341
6465.04	0.002332333
6467.51	0.002339000
6469.98	0.002232118
6472.45	0.002166310
6474.91	0.002297255
6477.38	0.002374496
6479.85	0.002203377
6482.32	0.002280565
6484.79	0.002332623
6487.26	0.002321982
6489.72	0.002261371
6492.19	0.002271808
6494.66	0.002356039
6497.13	0.002387332
6499.6	0.002408950
6502.07	0.002351644
6504.53	0.002403069
6507	0.002384840
6509.47	0.002404087
6511.94	0.002392249
6514.41	0.002470348
6516.88	0.002479641
6519.34	0.002439294
6521.81	0.002458500
6524.28	0.002355083
6526.75	0.002413820
6529.22	0.002511728
6531.68	0.002553600
6534.15	0.002454131
6536.62	0.002506936
6539.09	0.002467506
6541.56	0.002363313
6544.03	0.002437238
6546.49	0.002489205
6548.96	0.002564250
6551.43	0.002499256
6553.9	0.002506971
6556.37	0.002502520
6558.84	0.002540713
6561.3	0.002577841
6563.77	0.002544543
6566.24	0.002499540
6568.71	0.002507843
6571.18	0.002529086
6573.65	0.002488049
6576.11	0.002493847
6578.58	0.002490227
6581.05	0.002542507
6583.52	0.002440024
6585.99	0.002477170
6588.45	0.002571590
6590.92	0.002478621
6593.39	0.002587959
6595.86	0.002569843
6598.33	0.002542859
6600.8	0.002570980
6603.26	0.002602214
6605.73	0.002659143
6608.2	0.002615038
6610.67	0.002497273
6613.14	0.002529947
6615.61	0.002551890
6618.07	0.002604296
6620.54	0.002612504
6623.01	0.002616055
6625.48	0.002620989
6627.95	0.002676353
6630.42	0.002699890
6632.88	0.002582473
6635.35	0.002581759
6637.82	0.002719326
6640.29	0.002747310
6642.76	0.002607081
6645.22	0.002616351
6647.69	0.002548885
6650.16	0.002674031
6652.63	0.002607554
6655.1	0.002627145
6657.57	0.002630908
6660.03	0.002655478
6662.5	0.002782708
6664.97	0.002766688
6667.44	0.002869375
6669.91	0.002801130
6672.38	0.002582325
6674.84	0.002701607
6677.31	0.002740964
6679.78	0.002758859
6682.25	0.002780641
6684.72	0.002698669
6687.19	0.002660956
6689.65	0.002718435
6692.12	0.002790903
6694.59	0.002796222
6697.06	0.002717079
6699.53	0.002857082
6701.99	0.002888828
6704.46	0.002749095
6706.93	0.002730033
6709.4	0.002791047
6711.87	0.002799862
6714.34	0.002780786
6716.8	0.002800070
6719.27	0.002807182
6721.74	0.002764423
6724.21	0.002855232
6726.68	0.002750891
6729.15	0.002713970
6731.61	0.002862353
6734.08	0.002909479
6736.55	0.002873292
6739.02	0.002809614
6741.49	0.002786877
6743.96	0.002844331
6746.42	0.002805149
6748.89	0.002951675
6751.36	0.002961891
6753.83	0.003052126
6756.3	0.002991240
6758.76	0.003017731
6761.23	0.002854866
6763.7	0.002980444
6766.17	0.002955966
6768.64	0.002899204
6771.11	0.002928032
6773.57	0.002916434
6776.04	0.002947132
6778.51	0.002898318
6780.98	0.002971237
6783.45	0.003004128
6785.92	0.003029182
6788.38	0.002959816
6790.85	0.002989938
6793.32	0.002996956
6795.79	0.002941581
6798.26	0.002975715
6800.73	0.002995050
6803.19	0.002968313
6805.66	0.003038311
6808.13	0.003018155
6810.6	0.003102269
6813.07	0.003125313
6815.53	0.003026662
6818	0.003072915
6820.47	0.003144580
6822.94	0.003129848
6825.41	0.003122625
6827.88	0.003124983
6830.34	0.003103395
6832.81	0.003140678
6835.28	0.003111475
6837.75	0.003075529
6840.22	0.003069843
6842.69	0.003151431
6845.15	0.003226480
6847.62	0.003124914
6850.09	0.003189013
6852.56	0.003218970
6855.03	0.003259920
6857.5	0.003283751
6859.96	0.003252585
6862.43	0.003409659
6864.9	0.003351681
6867.37	0.003456358
6869.84	0.003448811
6872.3	0.003431896
6874.77	0.003350767
6877.24	0.003304805
6879.71	0.003523258
6882.18	0.003511213
6884.65	0.003347214
6887.11	0.003409003
6889.58	0.003579768
6892.05	0.003542102
6894.52	0.003516418
6896.99	0.003559718
6899.46	0.003627829
6901.92	0.003719163
6904.39	0.003708488
6906.86	0.003767038
6909.33	0.003759263
6911.8	0.003744845
6914.27	0.003849102
6916.73	0.003867600
6919.2	0.003916736
6921.67	0.003992549
6924.14	0.004021276
6926.61	0.004104059
6929.07	0.004105920
6931.54	0.004149678
6934.01	0.004213047
6936.48	0.004295692
6938.95	0.004313787
6941.42	0.004290094
6943.88	0.004395999
6946.35	0.004550715
6948.82	0.004577776
6951.29	0.004684448
6953.76	0.004845091
6956.23	0.004930205
6958.69	0.005040978
6961.16	0.005238216
6963.63	0.005394613
6966.1	0.005562782
6968.57	0.005613465
6971.04	0.005853096
6973.5	0.006134973
6975.97	0.006412813
6978.44	0.006691858
6980.91	0.006915811
6983.38	0.007241550
6985.84	0.007525879
6988.31	0.008027334
6990.78	0.008412738
6993.25	0.008797578
6995.72	0.009322505
6998.19	0.009882278
7000.65	0.010501980
7003.12	0.011058420
7005.59	0.011736700
7008.06	0.012476990
7010.53	0.013243740
7013	0.014113260
7015.46	0.014925040
7017.93	0.015995250
7020.4	0.017008150
7022.87	0.018046100
7025.34	0.019140850
7027.81	0.020545460
7030.27	0.021903680
7032.74	0.023273420
7035.21	0.024728000
7037.68	0.026295020
7040.15	0.028052860
7042.61	0.029777840
7045.08	0.031645850
7047.55	0.033632180
7050.02	0.035599550
7052.49	0.037868710
7054.96	0.040151880
7057.42	0.042526820
7059.89	0.045042300
7062.36	0.047711700
7064.83	0.050412350
7067.3	0.053288630
7069.77	0.056292280
7072.23	0.059483430
7074.7	0.062593100
7077.17	0.065987910
7079.64	0.069374210
7082.11	0.072955910
7084.58	0.076792620
7087.04	0.080480080
7089.51	0.084512340
7091.98	0.088612240
7094.45	0.092692940
7096.92	0.097084230
7099.38	0.101681600
7101.85	0.106174800
7104.32	0.110961600
7106.79	0.115944500
7109.26	0.120811000
7111.73	0.125843900
7114.19	0.131257300
7116.66	0.136522500
7119.13	0.141798000
7121.6	0.147286100
7124.07	0.152927400
7126.54	0.158705100
7129	0.164485900
7131.47	0.170512900
7133.94	0.176468100
7136.41	0.182659000
7138.88	0.188942900
7141.35	0.195257500
7143.81	0.201852600
7146.28	0.208181200
7148.75	0.214685900
7151.22	0.221317600
7153.69	0.228250500
7156.15	0.234941300
7158.62	0.241882900
7161.09	0.248682800
7163.56	0.255724700
7166.03	0.262917400
7168.5	0.269952700
7170.96	0.277155900
7173.43	0.284210800
7175.9	0.291583200
7178.37	0.298742900
7180.84	0.305966000
7183.31	0.313315500
7185.77	0.320777500
7188.24	0.328259000
7190.71	0.335760100
7193.18	0.343016600
7195.65	0.350539300
7198.12	0.357832500
7200.58	0.365219300
7203.05	0.372645600
7205.52	0.379909300
7207.99	0.387592900
7210.46	0.395009100
7212.92	0.402393000
7215.39	0.410013400
7217.86	0.417548500
7220.33	0.424725900
7222.8	0.432273900
7225.27	0.439668400
7227.73	0.446919600
7230.2	0.454360500
7232.67	0.461446400
7235.14	0.468725500
7237.61	0.476256200
7240.08	0.483216900
7242.54	0.490107800
7245.01	0.497331100
7247.48	0.504644700
7249.95	0.511583100
7252.42	0.518499800
7254.89	0.525665000
7257.35	0.532097000
7259.82	0.539067200
7262.29	0.546083300
7264.76	0.552533600
7267.23	0.559240100
7269.69	0.565849800
7272.16	0.572167600
7274.63	0.578861800
7277.1	0.585357000
7279.57	0.591703300
7282.04	0.598142100
7284.5	0.604515900
7286.97	0.610222700
7289.44	0.616769500
7291.91	0.622680300
7294.38	0.628324800
7296.85	0.634293900
7299.31	0.640545700
7301.78	0.646208000
7304.25	0.651752400
7306.72	0.657614900
7309.19	0.663071600
7311.66	0.668555100
7314.12	0.673964200
7316.59	0.679229800
7319.06	0.684511000
7321.53	0.689802000
7324	0.694807600
7326.46	0.700168100
7328.93	0.705002800
7331.4	0.710109300
7333.87	0.715027400
7336.34	0.719523400
7338.81	0.724558800
7341.27	0.728992900
7343.74	0.733763500
7346.21	0.738207600
7348.68	0.742540600
7351.15	0.746984800
7353.62	0.752068600
7356.08	0.756217600
7358.55	0.760084500
7361.02	0.764368100
7363.49	0.768420500
7365.96	0.772768100
7368.43	0.776048600
7370.89	0.780014800
7373.36	0.783758800
7375.83	0.787738100
7378.3	0.791578700
7380.77	0.794860700
7383.23	0.798605400
7385.7	0.802111400
7388.17	0.805524500
7390.64	0.808916400
7393.11	0.812110000
7395.58	0.815483300
7398.04	0.818502400
7400.51	0.821870400
7402.98	0.825219800
7405.45	0.828165900
7407.92	0.830969800
7410.39	0.834151900
7412.85	0.836877500
7415.32	0.839532300
7417.79	0.842713100
7420.26	0.845161400
7422.73	0.847963000
7425.2	0.850764700
7427.66	0.853021600
7430.13	0.855339300
7432.6	0.857828700
7435.07	0.860460400
7437.54	0.862904900
7440	0.864910800
7442.47	0.867384200
7444.94	0.869903300
7447.41	0.872383800
7449.88	0.874395400
7452.35	0.876451200
7454.81	0.878684300
7457.28	0.880811300
7459.75	0.882509400
7462.22	0.884507500
7464.69	0.886261000
7467.16	0.888234900
7469.62	0.890026000
7472.09	0.891713500
7474.56	0.893861300
7477.03	0.896157000
7479.5	0.897675600
7481.97	0.898623400
7484.43	0.900313000
7486.9	0.902016100
7489.37	0.903653500
7491.84	0.904956000
7494.31	0.906695900
7496.77	0.908371800
7499.24	0.909281100
7501.71	0.911090400
7504.18	0.912538400
7506.65	0.913688200
7509.12	0.915140000
7511.58	0.916481100
7514.05	0.917254300
7516.52	0.918490800
7518.99	0.919819700
7521.46	0.921262900
7523.93	0.922341500
7526.39	0.923870900
7528.86	0.925174800
7531.33	0.925606700
7533.8	0.926960100
7536.27	0.928311400
7538.74	0.928971300
7541.2	0.929479500
7543.67	0.930650100
7546.14	0.931582700
7548.61	0.932696600
7551.08	0.933757000
7553.54	0.933911900
7556.01	0.934992800
7558.48	0.936031200
7560.95	0.936434700
7563.42	0.937776900
7565.89	0.938317400
7568.35	0.939186700
7570.82	0.940161900
7573.29	0.940849400
7575.76	0.941371500
7578.23	0.941835000
7580.7	0.942256200
7583.16	0.943013200
7585.63	0.943864000
7588.1	0.944382300
7590.57	0.944758000
7593.04	0.944908400
7595.51	0.945992600
7597.97	0.946755100
7600.44	0.947419200
7602.91	0.947944600
7605.38	0.948487200
7607.85	0.948867700
7610.31	0.949089500
7612.78	0.949765400
7615.25	0.949750200
7617.72	0.950194700
7620.19	0.950754000
7622.66	0.951829300
7625.12	0.951618300
7627.59	0.951953400
7630.06	0.952619400
7632.53	0.952902200
7635	0.953882000
7637.47	0.953915500
7639.93	0.953830800
7642.4	0.954941600
7644.87	0.955214400
7647.34	0.955198000
7649.81	0.955475900
7652.28	0.955977900
7654.74	0.956493600
7657.21	0.956434100
7659.68	0.956411500
7662.15	0.957250600
7664.62	0.956786100
7667.09	0.956770100
7669.55	0.957553900
7672.02	0.958167300
7674.49	0.957629300
7676.96	0.957877300
7679.43	0.958418300
7681.89	0.958406600
7684.36	0.958857100
7686.83	0.959486500
7689.3	0.959149600
7691.77	0.959336200
7694.24	0.959618100
7696.7	0.959833900
7699.17	0.959731600
7701.64	0.959524700
7704.11	0.960368600
7706.58	0.960326100
7709.05	0.960601900
7711.51	0.960894200
7713.98	0.961171100
7716.45	0.961346700
7718.92	0.961018700
7721.39	0.961380800
7723.86	0.960915600
7726.32	0.960709400
7728.79	0.961236900
7731.26	0.961939300
7733.73	0.961794200
7736.2	0.961854100
7738.66	0.961551600
7741.13	0.961831000
7743.6	0.962219400
7746.07	0.962582200
7748.54	0.962503600
7751.01	0.962036100
7753.47	0.962007400
7755.94	0.962122100
7758.41	0.962206000
7760.88	0.962161700
7763.35	0.962505800
7765.82	0.962440000
7768.28	0.961944800
7770.75	0.962663800
7773.22	0.962359400
7775.69	0.962076000
7778.16	0.962292300
7780.63	0.962250400
7783.09	0.961789500
7785.56	0.962283300
7788.03	0.962375700
7790.5	0.962067500
7792.97	0.962693900
7795.43	0.963065100
7797.9	0.962924100
7800.37	0.962991000
7802.84	0.962331400
7805.31	0.962088100
7807.78	0.962474600
7810.24	0.962885400
7812.71	0.962762200
7815.18	0.962271600
7817.65	0.962450700
7820.12	0.962400000
7822.59	0.963236800
7825.05	0.962624100
7827.52	0.961954300
7829.99	0.962403100
7832.46	0.962568100
7834.93	0.962551800
7837.4	0.962386800
7839.86	0.962735000
7842.33	0.962644300
7844.8	0.962687400
7847.27	0.962449000
7849.74	0.962176000
7852.2	0.961785900
7854.67	0.962033800
7857.14	0.963022500
7859.61	0.962711600
7862.08	0.962392400
7864.55	0.961869100
7867.01	0.961956000
7869.48	0.962435200
7871.95	0.962108300
7874.42	0.961768600
7876.89	0.961710700
7879.36	0.962028300
7881.82	0.961656500
7884.29	0.962001900
7886.76	0.961420000
7889.23	0.960829800
7891.7	0.961253200
7894.17	0.961610700
7896.63	0.961144700
7899.1	0.960565600
7901.57	0.960741900
7904.04	0.960993900
7906.51	0.960717300
7908.97	0.960732500
7911.44	0.960595400
7913.91	0.960259700
7916.38	0.960587000
7918.85	0.960345300
7921.32	0.960343100
7923.78	0.960255600
7926.25	0.960023100
7928.72	0.960238700
7931.19	0.960650900
7933.66	0.959991100
7936.13	0.959765700
7938.59	0.959283500
7941.06	0.959341800
7943.53	0.959418600
7946	0.958805500
7948.47	0.958500800
7950.94	0.959372500
7953.4	0.959808100
7955.87	0.959393700
7958.34	0.959074800
7960.81	0.958725000
7963.28	0.958473400
7965.74	0.958522000
7968.21	0.958829300
7970.68	0.958481000
7973.15	0.957461200
7975.62	0.957701000
7978.09	0.957892800
7980.55	0.957182800
7983.02	0.957336800
7985.49	0.957347000
7987.96	0.956929700
7990.43	0.956693900
7992.9	0.957012200
7995.36	0.957213200
7997.83	0.956345100
8000.3	0.956415800
8002.77	0.957079000
8005.24	0.957153900
8007.71	0.956764500
8010.17	0.956282900
8012.64	0.955745800
8015.11	0.955980500
8017.58	0.955556900
8020.05	0.955263100
8022.51	0.955781300
8024.98	0.956202600
8027.45	0.955850700
8029.92	0.955576800
8032.39	0.954978600
8034.86	0.955209300
8037.32	0.955401900
8039.79	0.955458400
8042.26	0.955185100
8044.73	0.954355400
8047.2	0.953985900
8049.67	0.953685800
8052.13	0.953729500
8054.6	0.953394800
8057.07	0.952979300
8059.54	0.953012500
8062.01	0.953664500
8064.48	0.953406300
8066.94	0.953288300
8069.41	0.953615500
8071.88	0.952906500
8074.35	0.952466200
8076.82	0.952669800
8079.28	0.952783600
8081.75	0.953083400
8084.22	0.952570600
8086.69	0.952385500
8089.16	0.951316500
8091.63	0.951477100
8094.09	0.951175700
8096.56	0.951296400
8099.03	0.951341100
8101.5	0.950845400
8103.97	0.951070000
8106.44	0.951178700
8108.9	0.950856400
8111.37	0.950605600
8113.84	0.950044700
8116.31	0.950247500
8118.78	0.950032500
8121.25	0.949526000
8123.71	0.949546600
8126.18	0.949295000
8128.65	0.949499700
8131.12	0.949411900
8133.59	0.949650300
8136.05	0.949413400
8138.52	0.948928100
8140.99	0.948993600
8143.46	0.949033500
8145.93	0.948504700
8148.4	0.948396200
8150.86	0.948973900
8153.33	0.948460600
8155.8	0.947930000
8158.27	0.947658700
8160.74	0.947324600
8163.21	0.947154000
8165.67	0.947740300
8168.14	0.946912100
8170.61	0.946745000
8173.08	0.946445500
8175.55	0.946901700
8178.02	0.946916300
8180.48	0.946288900
8182.95	0.946883900
8185.42	0.946786800
8187.89	0.947076600
8190.36	0.946044600
8192.82	0.945726800
8195.29	0.945978300
8197.76	0.945150300
8200.23	0.945397500
8202.7	0.944622300
8205.17	0.944557800
8207.63	0.944446100
8210.1	0.944962700
8212.57	0.944163600
8215.04	0.943639800
8217.51	0.943345500
8219.98	0.939639600
8222.44	0.942952200
8224.91	0.943385700
8227.38	0.942960000
8229.85	0.942736300
8232.32	0.942672200
8234.79	0.942642700
8237.25	0.943430400
8239.72	0.942885600
8242.19	0.943021900
8244.66	0.942681300
8247.13	0.942391100
8249.59	0.942260900
8252.06	0.941810300
8254.53	0.941440300
8257	0.941406700
8259.47	0.941771900
8261.94	0.941617300
8264.4	0.940609400
8266.87	0.940746200
8269.34	0.940818900
8271.81	0.941446200
8274.28	0.940717600
8276.75	0.940467800
8279.21	0.939875100
8281.68	0.940336600
8284.15	0.939524600
8286.62	0.939045700
8289.09	0.938777600
8291.56	0.938232600
8294.02	0.938016300
8296.49	0.938520300
8298.96	0.938359800
8301.43	0.937753900
8303.9	0.937869100
8306.36	0.938295400
8308.83	0.938288900
8311.3	0.937843900
8313.77	0.936862100
8316.24	0.937445600
8318.71	0.936822800
8321.17	0.936768000
8323.64	0.937249100
8326.11	0.937684700
8328.58	0.936663600
8331.05	0.936711800
8333.52	0.937089900
8335.98	0.936764300
8338.45	0.936698400
8340.92	0.936303300
8343.39	0.936238600
8345.86	0.935674000
8348.33	0.935260500
8350.79	0.935621100
8353.26	0.934701100
8355.73	0.934049100
8358.2	0.934607600
8360.67	0.934419400
8363.13	0.934611100
8365.6	0.934138900
8368.07	0.933910500
8370.54	0.933588500
8373.01	0.933525900
8375.48	0.933685700
8377.94	0.933108000
8380.41	0.932207200
8382.88	0.932128300
8385.35	0.931051200
8387.82	0.932054500
8390.29	0.932529400
8392.75	0.931435700
8395.22	0.931257500
8397.69	0.931344600
8400.16	0.930925300
8402.63	0.930172000
8405.1	0.930664900
8407.56	0.930208800
8410.03	0.930254600
8412.5	0.929022300
8414.97	0.929522000
8417.44	0.929654500
8419.9	0.929132500
8422.37	0.928832300
8424.84	0.928774100
8427.31	0.928313400
8429.78	0.928086800
8432.25	0.928262700
8434.71	0.929393100
8437.18	0.928389400
8439.65	0.927358400
8442.12	0.927399600
8444.59	0.927022500
8447.06	0.927140100
8449.52	0.926783600
8451.99	0.926614900
8454.46	0.925421200
8456.93	0.925726800
8459.4	0.925939100
8461.87	0.925908200
8464.33	0.924996300
8466.8	0.924580800
8469.27	0.923650600
8471.74	0.923011100
8474.21	0.924034700
8476.67	0.924821900
8479.14	0.924445600
8481.61	0.923558100
8484.08	0.922760500
8486.55	0.923076600
8489.02	0.922851900
8491.48	0.922798900
8493.95	0.923180900
8496.42	0.922571500
8498.89	0.921244900
8501.36	0.921321700
8503.83	0.921604200
8506.29	0.921951000
8508.76	0.921072400
8511.23	0.920742800
8513.7	0.920982600
8516.17	0.920173300
8518.64	0.920512100
8521.1	0.919982100
8523.57	0.919908800
8526.04	0.919578400
8528.51	0.919623200
8530.98	0.919143600
8533.44	0.918971400
8535.91	0.918368200
8538.38	0.918423500
8540.85	0.918513800
8543.32	0.919091800
8545.79	0.918818200
8548.25	0.918513600
8550.72	0.918385400
8553.19	0.917838200
8555.66	0.917576700
8558.13	0.917151000
8560.6	0.916708100
8563.06	0.916736400
8565.53	0.916350100
8568	0.916408600
8570.47	0.916528900
8572.94	0.915908400
8575.41	0.915259300
8577.87	0.915149100
8580.34	0.915199600
8582.81	0.914850800
8585.28	0.914618000
8587.75	0.914470600
8590.21	0.913975800
8592.68	0.914092500
8595.15	0.914535500
8597.62	0.913706200
8600.09	0.912593500
8602.56	0.912476100
8605.02	0.913035200
8607.49	0.913060500
8609.96	0.912652100
8612.43	0.912443300
8614.9	0.912000100
8617.37	0.912237600
8619.83	0.911818600
8622.3	0.910968700
8624.77	0.911047300
8627.24	0.911140100
8629.71	0.910315600
8632.18	0.910452000
8634.64	0.910268700
8637.11	0.909665600
8639.58	0.909932900
8642.05	0.909761600
8644.52	0.909139100
8646.98	0.908681000
8649.45	0.908267300
8651.92	0.908118800
8654.39	0.907789100
8656.86	0.908122800
8659.33	0.907416800
8661.79	0.907421700
8664.26	0.907099600
8666.73	0.906343100
8669.2	0.906684700
8671.67	0.906895600
8674.14	0.906299100
8676.6	0.905529100
8679.07	0.905481500
8681.54	0.905666500
8684.01	0.905096700
8686.48	0.905299000
8688.95	0.904765700
8691.41	0.904372600
8693.88	0.904743100
8696.35	0.904469700
8698.82	0.904400300
8701.29	0.903744700
8703.75	0.903271700
8706.22	0.902578000
8708.69	0.902192100
8711.16	0.902071100
8713.63	0.901912500
8716.1	0.902200500
8718.56	0.901696100
8721.03	0.900469900
8723.5	0.900021800
8725.97	0.900396400
8728.44	0.899912700
8730.91	0.899069600
8733.37	0.899303300
8735.84	0.899437300
8738.31	0.899008200
8740.78	0.898045300
8743.25	0.897910700
8745.72	0.897196200
8748.18	0.897963100
8750.65	0.897291700
8753.12	0.896441600
8755.59	0.897330200
8758.06	0.897810200
8760.52	0.896314600
8762.99	0.895601300
8765.46	0.896295500
8767.93	0.897227000
8770.4	0.896096900
8772.87	0.894668800
8775.33	0.895491600
8777.8	0.894874200
8780.27	0.894460700
8782.74	0.894455300
8785.21	0.894121900
8787.68	0.893414400
8790.14	0.893517600
8792.61	0.893947500
8795.08	0.893026300
8797.55	0.892254400
8800.02	0.891978000
8802.49	0.892045000
8804.95	0.892419100
8807.42	0.891971800
8809.89	0.891858700
8812.36	0.891776700
8814.83	0.890724700
8817.29	0.890501600
8819.76	0.891001700
8822.23	0.890546600
8824.7	0.888521400
8827.17	0.889876700
8829.64	0.890227400
8832.1	0.888568400
8834.57	0.889102500
8837.04	0.887769800
8839.51	0.887804900
8841.98	0.887361700
8844.45	0.887289000
8846.91	0.885979200
8849.38	0.886239800
8851.85	0.887177600
8854.32	0.886561400
8856.79	0.886015400
8859.26	0.884774800
8861.72	0.885554300
8864.19	0.885097100
8866.66	0.885804400
8869.13	0.884285700
8871.6	0.883688000
8874.06	0.883542600
8876.53	0.883267500
8879	0.883962600
8881.47	0.882136500
8883.94	0.882333900
8886.41	0.882847700
8888.87	0.881911600
8891.34	0.881949100
8893.81	0.881070300
8896.28	0.880838800
8898.75	0.880674800
8901.22	0.880291900
8903.68	0.880050800
8906.15	0.879920500
8908.62	0.879748400
8911.09	0.879559800
8913.56	0.879217100
8916.03	0.879334300
8918.49	0.878247200
8920.96	0.878221300
8923.43	0.878154600
8925.9	0.878421800
8928.37	0.876769700
8930.83	0.876393600
8933.3	0.877397600
8935.77	0.876965200
8938.24	0.876020100
8940.71	0.875549100
8943.18	0.875114100
8945.64	0.875793300
8948.11	0.874428000
8950.58	0.874064700
8953.05	0.874262500
8955.52	0.874694500
8957.99	0.874317600
8960.45	0.872912200
8962.92	0.873294100
8965.39	0.873180000
8967.86	0.871439000
8970.33	0.871118700
8972.8	0.871017000
8975.26	0.871139300
8977.73	0.870075500
8980.2	0.870513000
8982.67	0.870543100
8985.14	0.869177500
8987.6	0.869046000
8990.07	0.869732400
8992.54	0.869648600
8995.01	0.869543600
8997.48	0.869432100
8999.95	0.868095500
9002.41	0.867470900
9004.88	0.867561200
9007.35	0.867466800
9009.82	0.867197000
9012.29	0.866323700
9014.76	0.865497100
9017.22	0.866232300
9019.69	0.866630900
9022.16	0.865281800
9024.63	0.864652400
9027.1	0.864607700
9029.57	0.864431400
9032.03	0.864549400
9034.5	0.863966200
9036.97	0.864100100
9039.44	0.863365200
9041.91	0.862484800
9044.37	0.862747100
9046.84	0.863131000
9049.31	0.862049200
9051.78	0.861054400
9054.25	0.861734300
9056.72	0.860987400
9059.18	0.859258500
9061.65	0.859372400
9064.12	0.860382900
9066.59	0.860197800
9069.06	0.859541600
9071.53	0.859306300
9073.99	0.858835600
9076.46	0.857710400
9078.93	0.858123700
9081.4	0.856941900
9083.87	0.857436400
9086.34	0.856285200
9088.8	0.855931500
9091.27	0.855258500
9093.74	0.855881100
9096.21	0.855994200
9098.68	0.854199100
9101.14	0.854659000
9103.61	0.853837700
9106.08	0.852912600
9108.55	0.852168700
9111.02	0.851224200
9113.49	0.852125500
9115.95	0.851647800
9118.42	0.851583300
9120.89	0.850561400
9123.36	0.850312500
9125.83	0.850939300
9128.3	0.850310000
9130.76	0.848980800
9133.23	0.850277900
9135.7	0.849033200
9138.17	0.848155100
9140.64	0.848853300
9143.11	0.848855300
9145.57	0.848586600
9148.04	0.848300600
9150.51	0.846050200
9152.98	0.846609100
9155.45	0.846405400
9157.92	0.845003900
9160.38	0.845418200
9162.85	0.845439600
9165.32	0.844569700
9167.79	0.842514300
9170.26	0.842848600
9172.72	0.843904900
9175.19	0.844410100
9177.66	0.844799500
9180.13	0.843462300
9182.6	0.843521700
9185.07	0.840920900
9187.53	0.840813600
9190	0.842687500
9192.47	0.841457000
9194.94	0.840122900
9197.41	0.839067300
9199.88	0.839718600
9202.34	0.839620900
9204.81	0.839492100
9207.28	0.838303800
9209.75	0.839180700
9212.22	0.839140500
9214.69	0.837427600
9217.15	0.837126000
9219.62	0.837942800
9222.09	0.836428600
9224.56	0.836749200
9227.03	0.836818500
9229.49	0.835731200
9231.96	0.836062400
9234.43	0.834146700
9236.9	0.834204100
9239.37	0.833481100
9241.84	0.832990200
9244.3	0.832983800
9246.77	0.832011800
9249.24	0.830902000
9251.71	0.831907300
9254.18	0.832386000
9256.65	0.830442400
9259.11	0.830703700
9261.58	0.829662500
9264.05	0.828978800
9266.52	0.829518400
9268.99	0.828638600
9271.46	0.827807200
9273.92	0.828513700
9276.39	0.826828800
9278.86	0.826428400
9281.33	0.827191200
9283.8	0.827874100
9286.26	0.826978500
9288.73	0.825733500
9291.2	0.824926900
9293.67	0.824628600
9296.14	0.825064700
9298.61	0.823759100
9301.07	0.823741700
9303.54	0.823470400
9306.01	0.822619700
9308.48	0.822075400
9310.95	0.820784600
9313.42	0.821478900
9315.88	0.821646100
9318.35	0.820799800
9320.82	0.818634500
9323.29	0.819885600
9325.76	0.819953900
9328.23	0.818961500
9330.69	0.819941800
9333.16	0.818132300
9335.63	0.816826700
9338.1	0.816880600
9340.57	0.816915400
9343.03	0.815693100
9345.5	0.815154100
9347.97	0.815089700
9350.44	0.814674100
9352.91	0.815180400
9355.38	0.814195700
9357.84	0.813049900
9360.31	0.813661100
9362.78	0.811331900
9365.25	0.811201200
9367.72	0.811815100
9370.19	0.813034100
9372.65	0.811142000
9375.12	0.811288500
9377.59	0.812029800
9380.06	0.810868900
9382.53	0.811183200
9385	0.810102500
9387.46	0.809892000
9389.93	0.808263400
9392.4	0.807306200
9394.87	0.807524100
9397.34	0.806173700
9399.8	0.806060300
9402.27	0.805403600
9404.74	0.804871500
9407.21	0.805223700
9409.68	0.803836800
9412.15	0.802645400
9414.61	0.802467200
9417.08	0.802129100
9419.55	0.801041100
9422.02	0.802390200
9424.49	0.801406300
9426.96	0.801991800
9429.42	0.800060900
9431.89	0.799380900
9434.36	0.797762200
9436.83	0.796909300
9439.3	0.797929900
9441.77	0.798025500
9444.23	0.797824200
9446.7	0.798971500
9449.17	0.797658500
9451.64	0.797246800
9454.11	0.795627100
9456.57	0.794887500
9459.04	0.794871700
9461.51	0.793220000
9463.98	0.794793900
9466.45	0.794798600
9468.92	0.793349600
9471.38	0.790759600
9473.85	0.791821500
9476.32	0.791109900
9478.79	0.791881700
9481.26	0.789863200
9483.73	0.790318500
9486.19	0.788719500
9488.66	0.788529300
9491.13	0.787495700
9493.6	0.787847500
9496.07	0.788037900
9498.54	0.786445700
9501	0.785384900
9503.47	0.785114900
9505.94	0.783834200
9508.41	0.783335600
9510.88	0.783940100
9513.34	0.782563000
9515.81	0.782200000
9518.28	0.782460500
9520.75	0.780064900
9523.22	0.779713000
9525.69	0.780218300
9528.15	0.779381600
9530.62	0.779986700
9533.09	0.779731400
9535.56	0.777796700
9538.03	0.776557300
9540.5	0.775897700
9542.96	0.776226700
9545.43	0.776598800
9547.9	0.775937000
9550.37	0.775820300
9552.84	0.775361700
9555.31	0.774587300
9557.77	0.775183800
9560.24	0.774810400
9562.71	0.773540400
9565.18	0.771974600
9567.65	0.770512400
9570.11	0.769611100
9572.58	0.768745200
9575.05	0.769351900
9577.52	0.768769000
9579.99	0.769031800
9582.46	0.769232100
9584.92	0.767591600
9587.39	0.767449300
9589.86	0.765116600
9592.33	0.764084500
9594.8	0.764634400
9597.27	0.764731700
9599.73	0.762978800
9602.2	0.761841700
9604.67	0.761928600
9607.14	0.760914800
9609.61	0.760683500
9612.08	0.760009600
9614.54	0.758909200
9617.01	0.759733900
9619.48	0.758502100
9621.95	0.757169700
9624.42	0.757426300
9626.88	0.757047300
9629.35	0.757160200
9631.82	0.754851700
9634.29	0.755234900
9636.76	0.753785400
9639.23	0.754014300
9641.69	0.753024200
9644.16	0.754294500
9646.63	0.752969700
9649.1	0.752682100
9651.57	0.751217400
9654.04	0.751867800
9656.5	0.750785600
9658.97	0.748512700
9661.44	0.749601800
9663.91	0.747411900
9666.38	0.745687000
9668.85	0.746101800
9671.31	0.745936900
9673.78	0.744404500
9676.25	0.745079300
9678.72	0.744888800
9681.19	0.743331300
9683.65	0.742108600
9686.12	0.742385900
9688.59	0.740964300
9691.06	0.739876000
9693.53	0.739512700
9696	0.738393600
9698.46	0.739296600
9700.93	0.739556700
9703.4	0.737089400
9705.87	0.737352400
9708.34	0.736811100
9710.81	0.736550900
9713.27	0.734590800
9715.74	0.734263700
9718.21	0.735962000
9720.68	0.733670500
9723.15	0.731224400
9725.62	0.731090400
9728.08	0.729597300
9730.55	0.729311200
9733.02	0.729654200
9735.49	0.728948500
9737.96	0.726701600
9740.42	0.727473000
9742.89	0.727488000
9745.36	0.726870000
9747.83	0.726752700
9750.3	0.724438400
9752.77	0.723896800
9755.23	0.724132100
9757.7	0.723373800
9760.17	0.722527100
9762.64	0.722051700
9765.11	0.720297200
9767.58	0.720295000
9770.04	0.719714900
9772.51	0.718562100
9774.98	0.719015100
9777.45	0.718013900
9779.92	0.717143200
9782.39	0.714233400
9784.85	0.712239400
9787.32	0.714275500
9789.79	0.714328200
9792.26	0.712299000
9794.73	0.712599500
9797.19	0.712037300
9799.66	0.710304100
9802.13	0.709363100
9804.6	0.709167100
9807.07	0.706567400
9809.54	0.706048200
9812	0.706175000
9814.47	0.704926500
9816.94	0.702843200
9819.41	0.701396500
9821.88	0.702010200
9824.35	0.703145700
9826.81	0.701128700
9829.28	0.699271300
9831.75	0.700539200
9834.22	0.700880900
9836.69	0.699375100
9839.16	0.698033000
9841.62	0.697745600
9844.09	0.696795600
9846.56	0.696319500
9849.03	0.692849600
9851.5	0.693048900
9853.96	0.691656200
9856.43	0.692256700
9858.9	0.691514100
9861.37	0.689476000
9863.84	0.688821300
9866.31	0.688914500
9868.77	0.689515200
9871.24	0.686961400
9873.71	0.685886400
9876.18	0.687484000
9878.65	0.684303600
9881.12	0.682426600
9883.58	0.683398500
9886.05	0.682601400
9888.52	0.680605500
9890.99	0.679343900
9893.46	0.679911500
9895.93	0.679283300
9898.39	0.676316900
9900.86	0.676443900
9903.33	0.676010900
9905.8	0.674475100
9908.27	0.676545900
9910.73	0.671559200
9913.2	0.672754600
9915.67	0.671924400
9918.14	0.669892400
9920.61	0.668878300
9923.08	0.671155500
9925.54	0.669206300
9928.01	0.667877400
9930.48	0.668465600
9932.95	0.666606100
9935.42	0.663610200
9937.89	0.665495000
9940.35	0.662676900
9942.82	0.661223200
9945.29	0.663197500
9947.76	0.663371300
9950.23	0.662987000
9952.7	0.660919400
9955.16	0.659779800
9957.63	0.659118300
9960.1	0.657560900
9962.57	0.656677500
9965.04	0.656380100
9967.5	0.655714200
9969.97	0.654168700
9972.44	0.654074100
9974.91	0.651956100
9977.38	0.650585200
9979.85	0.649388700
9982.31	0.648751700
9984.78	0.649781500
9987.25	0.647229600
9989.72	0.645698100
9992.19	0.645286600
9994.66	0.645213800
9997.12	0.643712700
9999.59	0.642995900
10002.06	0.641517600
10004.53	0.640837300
10007	0.641654700
10009.47	0.639515900
10011.93	0.638167900
10014.4	0.635283400
10016.87	0.633984800
10019.34	0.634608100
10021.81	0.633596500
10024.27	0.635198400
10026.74	0.631557000
10029.21	0.629228400
10031.68	0.629896000
10034.15	0.628889200
10036.62	0.626779000
10039.08	0.625846100
10041.55	0.626444300
10044.02	0.626296700
10046.49	0.627110700
10048.96	0.624706300
10051.43	0.622950900
10053.89	0.622360500
10056.36	0.620147100
10058.83	0.619469600
10061.3	0.617001200
10063.77	0.618975800
10066.24	0.618057000
10068.7	0.614466300
10071.17	0.612848900
10073.64	0.613295700
10076.11	0.612293800
10078.58	0.612614400
10081.04	0.610812300
10083.51	0.608908700
10085.98	0.609955600
10088.45	0.608367300
10090.92	0.608422900
10093.39	0.606190000
10095.85	0.606725500
10098.32	0.606618100
10100.79	0.603471800
10103.26	0.603300800
10105.73	0.603530100
10108.2	0.602755800
10110.66	0.599429000
10113.13	0.599285200
10115.6	0.598414800
10118.07	0.597386000
10120.54	0.594045500
10123.01	0.592904000
10125.47	0.590704200
10127.94	0.590563100
10130.41	0.592342100
10132.88	0.589309500
10135.35	0.586846200
10137.81	0.587770200
10140.28	0.586577400
10142.75	0.584386300
10145.22	0.585091900
10147.69	0.585162000
10150.16	0.584032600
10152.62	0.581038700
10155.09	0.576375700
10157.56	0.577854600
10160.03	0.579829800
10162.5	0.578400300
10164.97	0.576367600
10167.43	0.577741400
10169.9	0.576999400
10172.37	0.572120700
10174.84	0.573579000
10177.31	0.573491900
10179.78	0.570573900
10182.24	0.570766200
10184.71	0.570409100
10187.18	0.570167600
10189.65	0.568850100
10192.12	0.567460200
10194.58	0.565552300
10197.05	0.564274000
10199.52	0.563403400
10201.99	0.560210300
10204.46	0.558841300
10206.93	0.558627800
10209.39	0.557722000
10211.86	0.556745700
10214.33	0.555939200
10216.8	0.554674600
10219.27	0.554652800
10221.74	0.555912300
10224.2	0.550515300
10226.67	0.550983100
10229.14	0.552007800
10231.61	0.548566500
10234.08	0.544807100
10236.55	0.543621000
10239.01	0.540543600
10241.48	0.543211900
10243.95	0.541596100
10246.42	0.542085200
10248.89	0.539154000
10251.35	0.538259100
10253.82	0.541126700
10256.29	0.536448700
10258.76	0.535878400
10261.23	0.534429100
10263.7	0.535492700
10266.16	0.536038800
10268.63	0.534303100
10271.1	0.529007400
10273.57	0.528341200
10276.04	0.527396300
10278.51	0.524670400
10280.97	0.523965600
10283.44	0.523404000
10285.91	0.527504200
10288.38	0.525576700
10290.85	0.521364500
10293.32	0.519998700
10295.78	0.518262800
10298.25	0.517944700
10300.72	0.517566100
10303.19	0.517804100
10305.66	0.513102700
10308.12	0.512534400
10310.59	0.511257200
10313.06	0.511376200
10315.53	0.508772000
10318	0.509202600
10320.47	0.508456600
10322.93	0.506762100
10325.4	0.503381300
10327.87	0.503328100
10330.34	0.503227700
10332.81	0.502686700
10335.28	0.500966100
10337.74	0.496726700
10340.21	0.493126200
10342.68	0.493195300
10345.15	0.493649200
10347.62	0.491200200
10350.09	0.491569500
10352.55	0.489138300
10355.02	0.486328700
10357.49	0.488587100
10359.96	0.486627000
10362.43	0.484995700
10364.89	0.483420000
10367.36	0.482654300
10369.83	0.481808800
10372.3	0.480627900
10374.77	0.479697500
10377.24	0.477643600
10379.7	0.479055300
10382.17	0.476984500
10384.64	0.474512900
10387.11	0.476089400
10389.58	0.473991600
10392.05	0.467182500
10394.51	0.466168200
10396.98	0.468201500
10399.45	0.464666100
10401.92	0.463379600
10404.39	0.467378500
10406.86	0.464132000
10409.32	0.461674200
10411.79	0.459280700
10414.26	0.458709100
10416.73	0.457045100
10419.2	0.458532200
10421.66	0.451121700
10424.13	0.448223900
10426.6	0.451911200
10429.07	0.448768900
10431.54	0.445133100
10434.01	0.443940400
10436.47	0.444471600
10438.94	0.443472200
10441.41	0.442476500
10443.88	0.443039400
10446.35	0.439343700
10448.82	0.439471300
10451.28	0.441162400
10453.75	0.435852500
10456.22	0.436361000
10458.69	0.436534100
10461.16	0.431121300
10463.63	0.428900900
10466.09	0.426714400
10468.56	0.431383000
10471.03	0.428092800
10473.5	0.428501200
10475.97	0.423807600
10478.43	0.418847400
10480.9	0.418328400
10483.37	0.416566800
10485.84	0.419244600
10488.31	0.420163300
10490.78	0.417372100
10493.24	0.417972300
10495.71	0.409357000
10498.18	0.414560600
10500.65	0.411060900
10503.12	0.406409100
10505.59	0.404423800
10508.05	0.409476900
10510.52	0.404136300
10512.99	0.405418200
10515.46	0.400328600
10517.93	0.397590300
10520.4	0.399528300
10522.86	0.400098100
10525.33	0.397055000
10527.8	0.393250200
10530.27	0.396909300
10532.74	0.394771200
10535.2	0.389278700
10537.67	0.389843600
10540.14	0.387367400
10542.61	0.385317400
10545.08	0.382183600
10547.55	0.384206700
10550.01	0.381653400
10552.48	0.375330100
10554.95	0.379391800
10557.42	0.376969200
10559.89	0.372532600
10562.36	0.374713600
10564.82	0.373210100
10567.29	0.371486300
10569.76	0.374673700
10572.23	0.369424000
10574.7	0.364476500
10577.17	0.369017700
10579.63	0.363320600
10582.1	0.359596800
10584.57	0.364458500
10587.04	0.360786600
10589.51	0.353667100
10591.98	0.357547000
10594.44	0.356168400
10596.91	0.351451400
10599.38	0.352360900
10601.85	0.350053000
10604.32	0.352016900
10606.78	0.352263100
10609.25	0.346968100
10611.72	0.344266200
10614.19	0.344172300
10616.66	0.344451200
10619.13	0.341772300
10621.59	0.342477000
10624.06	0.342619200
10626.53	0.339939700
10629	0.341796100
10631.47	0.336413100
10633.94	0.336404900
10636.4	0.337184300
10638.87	0.334477200
10641.34	0.329197600
10643.81	0.325403400
10646.28	0.325079700
10648.75	0.323441300
10651.21	0.319798400
10653.68	0.326553300
10656.15	0.325871600
10658.62	0.324547100
10661.09	0.320344100
10663.55	0.312843700
10666.02	0.319820400
10668.49	0.316147300
10670.96	0.312904700
10673.43	0.310463600
10675.9	0.317177400
10678.36	0.311199800
10680.83	0.303809900
10683.3	0.304059300
10685.77	0.303147900
10688.24	0.304725500
10690.71	0.304408300
10693.17	0.306511000
10695.64	0.302873400
10698.11	0.297426800
10700.58	0.295551700
10703.05	0.291619600
10705.52	0.292084200
10707.98	0.294244800
10710.45	0.292820000
10712.92	0.285457700
10715.39	0.286197900
10717.86	0.288815400
10720.32	0.281476100
10722.79	0.281078500
10725.26	0.285932800
10727.73	0.287468200
10730.2	0.281226800
10732.67	0.275891700
10735.13	0.279838700
10737.6	0.273951100
10740.07	0.272813400
10742.54	0.273689800
10745.01	0.270684700
10747.48	0.274701500
10749.94	0.272965600
10752.41	0.268360600
10754.88	0.267270500
10757.35	0.266383600
10759.82	0.266860200
10762.29	0.264960300
10764.75	0.261444000
10767.22	0.259171500
10769.69	0.261883800
10772.16	0.260765900
10774.63	0.259776300
10777.09	0.265639300
10779.56	0.260729400
10782.03	0.256108600
10784.5	0.259288400
10786.97	0.259245700
10789.44	0.254530700
10791.9	0.252203100
10794.37	0.247807300
10796.84	0.245160500
10799.31	0.246835500
10801.78	0.252798400
10804.25	0.249590000
10806.71	0.249413700
10809.18	0.245865100
10811.65	0.241577200
10814.12	0.238700700
10816.59	0.237530600
10819.06	0.235039800
10821.52	0.237191800
10823.99	0.239953700
10826.46	0.230946900
10828.93	0.234210000
10831.4	0.230846700
10833.86	0.233381800
10836.33	0.230203600
10838.8	0.224636600
10841.27	0.230166900
10843.74	0.227740200
10846.21	0.223092200
10848.67	0.222184200
10851.14	0.232648200
10853.61	0.225853100
10856.08	0.216597400
10858.55	0.218422100
10861.02	0.219265900
10863.48	0.223953800
10865.95	0.224232500
10868.42	0.215163300
10870.89	0.213906900
10873.36	0.215286800
10875.83	0.215593000
10878.29	0.215202200
10880.76	0.211991900
10883.23	0.213745700
10885.7	0.214714100
10888.17	0.212677700
10890.63	0.203421300
10893.1	0.208100900
10895.57	0.209908800
10898.04	0.199868700
10900.51	0.201934400
10902.98	0.199151100
10905.44	0.198825200
10907.91	0.198427400
10910.38	0.192475600
10912.85	0.196509400
10915.32	0.200025800
10917.79	0.194655500
10920.25	0.192078300
10922.72	0.196505000
10925.19	0.193291600
10927.66	0.190476800
10930.13	0.185895700
10932.6	0.187484100
10935.06	0.187377700
10937.53	0.187477600
10940	0.188250600
10942.47	0.187822500
10944.94	0.184388400
10947.4	0.186752100
10949.87	0.185546000
10952.34	0.186590000
10954.81	0.185365400
10957.28	0.174630700
10959.75	0.175190600
10962.21	0.176286800
10964.68	0.177242200
10967.15	0.179485500
10969.62	0.178792300
10972.09	0.179936800
10974.56	0.178118000
10977.02	0.179284800
10979.49	0.181552000
10981.96	0.177841400
10984.43	0.174218800
10986.9	0.171572600
10989.37	0.168703500
10991.83	0.165664600
10994.3	0.163062300
10996.77	0.167740100
10999.24	0.166056300
11001.71	0.164191600
11004.17	0.168746400
11006.64	0.167342600
11009.11	0.162956300
11011.58	0.160551200
11014.05	0.162663900
11016.52	0.164822300
11018.98	0.158986700
11021.45	0.158642800
11023.92	0.159905400
11026.39	0.160675200
11028.86	0.157166700
11031.33	0.152101500
11033.79	0.151567600
11036.26	0.152096000
11038.73	0.152439100
11041.2	0.148272700
11043.67	0.155710800
11046.14	0.156149900
11048.6	0.148301800
11051.07	0.146921800
11053.54	0.146612700
11056.01	0.145829500
11058.48	0.146288000
11060.94	0.147931100
11063.41	0.142778500
11065.88	0.142357200
11068.35	0.147012100
11070.82	0.143129300
11073.29	0.140227700
11075.75	0.139421400
11078.22	0.142200100
11080.69	0.143891800
11083.16	0.140241600
11085.63	0.137606000
11088.1	0.133785300
11090.56	0.140170100
11093.03	0.139262300
11095.5	0.133104000
11097.97	0.131199700
11100.44	0.138250900
11102.91	0.144794900
11105.37	0.140809300
11107.84	0.135452800
11110.31	0.135168900
11112.78	0.136669100
11115.25	0.134902600
11117.71	0.134588300
11120.18	0.134256100
11122.65	0.135834700
11125.12	0.132433900
11127.59	0.124955300
11130.06	0.127993300
11132.52	0.130915800
11134.99	0.129664000
11137.46	0.129692800
11139.93	0.125260900
11142.4	0.124634800
11144.87	0.121665600
11147.33	0.123401000
11149.8	0.124913700
11152.27	0.125704300
11154.74	0.124305100
11157.21	0.120645900
11159.68	0.124029700
11162.14	0.123247600
11164.61	0.123405500
11167.08	0.123094200
11169.55	0.115674300
11172.02	0.110431700
11174.48	0.116117300
11176.95	0.115349400
11179.42	0.110095000
11181.89	0.116587100
11184.36	0.117989900
11186.83	0.118221300
11189.29	0.114842800
11191.76	0.113710900
11194.23	0.116232300
11196.7	0.110137200
11199.17	0.105570000
11201.64	0.113506400
11204.1	0.110237400
11206.57	0.107317200
11209.04	0.106032500
11211.51	0.104215300
11213.98	0.105833500
11216.45	0.107783900
11218.91	0.109299800
11221.38	0.110114100
11223.85	0.106199400
11226.32	0.096254810
11228.79	0.104554200
11231.25	0.107795300
11233.72	0.103053700
11236.19	0.103798500
11238.66	0.106768800
11241.13	0.107150800
11243.6	0.101092800
11246.06	0.098743080
11248.53	0.095726070
11251	0.095726930
11253.47	0.094587360
11255.94	0.096312730
11258.41	0.096329510
11260.87	0.090236890
11263.34	0.095892120
11265.81	0.087530700
11268.28	0.094292020
11270.75	0.099567550
11273.22	0.084657240