2048 1
5237.82	0.0010030870
5240.27	0.0013814720
5242.73	0.0014121210
5245.19	0.0012864850
5247.64	0.0012853070
5250.10	0.0014033760
5252.56	0.0013888000
5255.02	0.0013145020
5257.47	0.0013279520
5259.93	0.0014193290
5262.39	0.0013924950
5264.85	0.0013494920
5267.30	0.0015565770
5269.76	0.0015737870
5272.22	0.0014368780
5274.68	0.0014483120
5277.13	0.0013732770
5279.59	0.0013986840
5282.05	0.0014182580
5284.50	0.0015186340
5286.96	0.0015506560
5289.42	0.0014577970
5291.88	0.0013890080
5294.33	0.0012580450
5296.79	0.0010762120
5299.25	0.0013217960
5301.71	0.0014669420
5304.16	0.0014399060
5306.62	0.0012095560
5309.08	0.0013988270
5311.53	0.0014147270
5313.99	0.0014591690
5316.45	0.0015659700
5318.91	0.0013755370
5321.36	0.0014603590
5323.82	0.0013916400
5326.28	0.0014484880
5328.74	0.0015024350
5331.19	0.0013957300
5333.65	0.0012492310
5336.11	0.0012899880
5338.57	0.0015333880
5341.02	0.0016675780
5343.48	0.0015245870
5345.94	0.0014622730
5348.39	0.0014360410
5350.85	0.0016386020
5353.31	0.0016307270
5355.77	0.0014074320
5358.22	0.0014068400
5360.68	0.0014639900
5363.14	0.0015890570
5365.60	0.0015967290
5368.05	0.0017033600
5370.51	0.0017598440
5372.97	0.0016651480
5375.42	0.0016507900
5377.88	0.0016551630
5380.34	0.0016134840
5382.80	0.0017446730
5385.25	0.0019975680
5387.71	0.0017569940
5390.17	0.0018513730
5392.63	0.0018225020
5395.08	0.0020268270
5397.54	0.0018793740
5400.00	0.0019233610
5402.46	0.0019754340
5404.91	0.0020572200
5407.37	0.0019548570
5409.83	0.0020428330
5412.28	0.0019923980
5414.74	0.0019629060
5417.20	0.0020400650
5419.66	0.0019942090
5422.11	0.0019007070
5424.57	0.0018162930
5427.03	0.0019429340
5429.49	0.0018986510
5431.94	0.0018839790
5434.40	0.0019625330
5436.86	0.0019151670
5439.31	0.0017704250
5441.77	0.0019685560
5444.23	0.0020217540
5446.69	0.0020079230
5449.14	0.0022469090
5451.60	0.0022190380
5454.06	0.0021160440
5456.52	0.0022542920
5458.97	0.0021973650
5461.43	0.0019914010
5463.89	0.0021883280
5466.35	0.0021703750
5468.80	0.0022453600
5471.26	0.0022302660
5473.72	0.0024162750
5476.17	0.0024212910
5478.63	0.0024723940
5481.09	0.0025282680
5483.55	0.0024052390
5486.00	0.0025466920
5488.46	0.0025146270
5490.92	0.0024327450
5493.38	0.0025783520
5495.83	0.0027585730
5498.29	0.0026274800
5500.75	0.0025637750
5503.20	0.0027082890
5505.66	0.0028608760
5508.12	0.0028964930
5510.58	0.0028258460
5513.03	0.0029069680
5515.49	0.0030304110
5517.95	0.0031388940
5520.41	0.0033013130
5522.86	0.0035580290
5525.32	0.0034924180
5527.78	0.0036733130
5530.24	0.0040782030
5532.69	0.0043117260
5535.15	0.0046234810
5537.61	0.0051912600
5540.06	0.0053574470
5542.52	0.0058683990
5544.98	0.0064515800
5547.44	0.0072873080
5549.89	0.0078175690
5552.35	0.0086575440
5554.81	0.0097341930
5557.27	0.0109864500
5559.72	0.0124036500
5562.18	0.0138201100
5564.64	0.0154720300
5567.09	0.0171636800
5569.55	0.0192162900
5572.01	0.0216477500
5574.47	0.0239840200
5576.92	0.0268926200
5579.38	0.0299776400
5581.84	0.0334150300
5584.30	0.0368526100
5586.75	0.0408153900
5589.21	0.0452992200
5591.67	0.0496846000
5594.12	0.0545244800
5596.58	0.0598145900
5599.04	0.0654289900
5601.50	0.0716074100
5603.95	0.0777710800
5606.41	0.0842507700
5608.87	0.0914309500
5611.33	0.0987000400
5613.78	0.1063981000
5616.24	0.1142575000
5618.70	0.1225940000
5621.16	0.1310364000
5623.61	0.1397362000
5626.07	0.1487410000
5628.53	0.1582142000
5630.98	0.1678055000
5633.44	0.1778367000
5635.90	0.1875858000
5638.36	0.1977622000
5640.81	0.2081299000
5643.27	0.2184648000
5645.73	0.2293021000
5648.19	0.2399134000
5650.64	0.2506773000
5653.10	0.2615100000
5655.56	0.2723548000
5658.01	0.2833890000
5660.47	0.2944264000
5662.93	0.3056634000
5665.39	0.3164442000
5667.84	0.3272148000
5670.30	0.3381385000
5672.76	0.3489330000
5675.22	0.3598104000
5677.67	0.3702751000
5680.13	0.3809418000
5682.59	0.3915283000
5685.05	0.4016829000
5687.50	0.4119739000
5689.96	0.4220427000
5692.42	0.4319676000
5694.87	0.4419524000
5697.33	0.4518278000
5699.79	0.4613035000
5702.25	0.4705805000
5704.70	0.4797076000
5707.16	0.4889236000
5709.62	0.4979312000
5712.08	0.5065471000
5714.53	0.5146331000
5716.99	0.5227713000
5719.45	0.5313620000
5721.90	0.5398269000
5724.36	0.5472559000
5726.82	0.5546829000
5729.28	0.5624206000
5731.73	0.5698158000
5734.19	0.5765111000
5736.65	0.5838082000
5739.11	0.5907687000
5741.56	0.5970084000
5744.02	0.6031401000
5746.48	0.6094123000
5748.94	0.6158354000
5751.39	0.6218681000
5753.85	0.6274253000
5756.31	0.6329496000
5758.76	0.6382132000
5761.22	0.6437112000
5763.68	0.6484255000
5766.14	0.6538423000
5768.59	0.6590121000
5771.05	0.6633115000
5773.51	0.6675568000
5775.97	0.6722338000
5778.42	0.6763555000
5780.88	0.6806366000
5783.34	0.6848974000
5785.79	0.6886050000
5788.25	0.6922234000
5790.71	0.6961767000
5793.17	0.6997924000
5795.62	0.7031480000
5798.08	0.7064775000
5800.54	0.7096769000
5803.00	0.7128034000
5805.45	0.7156420000
5807.91	0.7188470000
5810.37	0.7217373000
5812.83	0.7243737000
5815.28	0.7267830000
5817.74	0.7295393000
5820.20	0.7317427000
5822.65	0.7342241000
5825.11	0.7366526000
5827.57	0.7385854000
5830.03	0.7410274000
5832.48	0.7433922000
5834.94	0.7451434000
5837.40	0.7469898000
5839.86	0.7485257000
5842.31	0.7501163000
5844.77	0.7519506000
5847.23	0.7538123000
5849.68	0.7555957000
5852.14	0.7571307000
5854.60	0.7587294000
5857.06	0.7595779000
5859.51	0.7607668000
5861.97	0.7623200000
5864.43	0.7634593000
5866.89	0.7645015000
5869.34	0.7655722000
5871.80	0.7665572000
5874.26	0.7678683000
5876.72	0.7690200000
5879.17	0.7696958000
5881.63	0.7703372000
5884.09	0.7714336000
5886.54	0.7725691000
5889.00	0.7727199000
5891.46	0.7735056000
5893.92	0.7746146000
5896.37	0.7752813000
5898.83	0.7755507000
5901.29	0.7759860000
5903.75	0.7765790000
5906.20	0.7770823000
5908.66	0.7774321000
5911.12	0.7778369000
5913.57	0.7778284000
5916.03	0.7785438000
5918.49	0.7788835000
5920.95	0.7793263000
5923.40	0.7799273000
5925.86	0.7802065000
5928.32	0.7803519000
5930.78	0.7803910000
5933.23	0.7801865000
5935.69	0.7804149000
5938.15	0.7807125000
5940.61	0.7808515000
5943.06	0.7809234000
5945.52	0.7807283000
5947.98	0.7811617000
5950.43	0.7811371000
5952.89	0.7808126000
5955.35	0.7809206000
5957.81	0.7808146000
5960.26	0.7807428000
5962.72	0.7803966000
5965.18	0.7801433000
5967.64	0.7804464000
5970.09	0.7804720000
5972.55	0.7803209000
5975.01	0.7800081000
5977.46	0.7801027000
5979.92	0.7796788000
5982.38	0.7793504000
5984.84	0.7788759000
5987.29	0.7784936000
5989.75	0.7783680000
5992.21	0.7779710000
5994.67	0.7778618000
5997.12	0.7776002000
5999.58	0.7769622000
6002.04	0.7764598000
6004.49	0.7762957000
6006.95	0.7761272000
6009.41	0.7754508000
6011.87	0.7748480000
6014.32	0.7748441000
6016.78	0.7741091000
6019.24	0.7736465000
6021.70	0.7732333000
6024.15	0.7725944000
6026.61	0.7722417000
6029.07	0.7717655000
6031.53	0.7711407000
6033.98	0.7706661000
6036.44	0.7704848000
6038.90	0.7700724000
6041.35	0.7694480000
6043.81	0.7686905000
6046.27	0.7681848000
6048.73	0.7677467000
6051.18	0.7673207000
6053.64	0.7666316000
6056.10	0.7659023000
6058.56	0.7653162000
6061.01	0.7648652000
6063.47	0.7639643000
6065.93	0.7634943000
6068.38	0.7629873000
6070.84	0.7623040000
6073.30	0.7614824000
6075.76	0.7608873000
6078.21	0.7597352000
6080.67	0.7590060000
6083.13	0.7586285000
6085.59	0.7578959000
6088.04	0.7572485000
6090.50	0.7566393000
6092.96	0.7560055000
6095.42	0.7553845000
6097.87	0.7543075000
6100.33	0.7537349000
6102.79	0.7525787000
6105.24	0.7521275000
6107.70	0.7510770000
6110.16	0.7504609000
6112.62	0.7497630000
6115.07	0.7488041000
6117.53	0.7479155000
6119.99	0.7474056000
6122.45	0.7463254000
6124.90	0.7457771000
6127.36	0.7446724000
6129.82	0.7444016000
6132.27	0.7436014000
6134.73	0.7423139000
6137.19	0.7412391000
6139.65	0.7405477000
6142.10	0.7397419000
6144.56	0.7391675000
6147.02	0.7377738000
6149.48	0.7366835000
6151.93	0.7358880000
6154.39	0.7349290000
6156.85	0.7339387000
6159.31	0.7332366000
6161.76	0.7324249000
6164.22	0.7317117000
6166.68	0.7307873000
6169.13	0.7294987000
6171.59	0.7285264000
6174.05	0.7276475000
6176.51	0.7268162000
6178.96	0.7259281000
6181.42	0.7248329000
6183.88	0.7237875000
6186.34	0.7228028000
6188.79	0.7216830000
6191.25	0.7207879000
6193.71	0.7200873000
6196.16	0.7189757000
6198.62	0.7180796000
6201.08	0.7170783000
6203.54	0.7159042000
6205.99	0.7150366000
6208.45	0.7136891000
6210.91	0.7126226000
6213.37	0.7116976000
6215.82	0.7110245000
6218.28	0.7099540000
6220.74	0.7087635000
6223.20	0.7079801000
6225.65	0.7063187000
6228.11	0.7058646000
6230.57	0.7048447000
6233.02	0.7038255000
6235.48	0.7026177000
6237.94	0.7016405000
6240.40	0.7002153000
6242.85	0.6993648000
6245.31	0.6984090000
6247.77	0.6974030000
6250.23	0.6962126000
6252.68	0.6948404000
6255.14	0.6938310000
6257.60	0.6930166000
6260.05	0.6919106000
6262.51	0.6906750000
6264.97	0.6899466000
6267.43	0.6885967000
6269.88	0.6873763000
6272.34	0.6861888000
6274.80	0.6849362000
6277.26	0.6840229000
6279.71	0.6829379000
6282.17	0.6820134000
6284.63	0.6810399000
6287.09	0.6795711000
6289.54	0.6787813000
6292.00	0.6776030000
6294.46	0.6762852000
6296.91	0.6749848000
6299.37	0.6742573000
6301.83	0.6731890000
6304.29	0.6720129000
6306.74	0.6710358000
6309.20	0.6696630000
6311.66	0.6685184000
6314.12	0.6677355000
6316.57	0.6663104000
6319.03	0.6653161000
6321.49	0.6640526000
6323.94	0.6627863000
6326.40	0.6618110000
6328.86	0.6607587000
6331.32	0.6595242000
6333.77	0.6580697000
6336.23	0.6568540000
6338.69	0.6557000000
6341.15	0.6549200000
6343.60	0.6539024000
6346.06	0.6525193000
6348.52	0.6515638000
6350.97	0.6504480000
6353.43	0.6492071000
6355.89	0.6478209000
6358.35	0.6466784000
6360.80	0.6455590000
6363.26	0.6446756000
6365.72	0.6433165000
6368.18	0.6422412000
6370.63	0.6410412000
6373.09	0.6398903000
6375.55	0.6387167000
6378.01	0.6375077000
6380.46	0.6364789000
6382.92	0.6353080000
6385.38	0.6342191000
6387.83	0.6330938000
6390.29	0.6318077000
6392.75	0.6304960000
6395.21	0.6292183000
6397.66	0.6280838000
6400.12	0.6268442000
6402.58	0.6256906000
6405.04	0.6249426000
6407.49	0.6237241000
6409.95	0.6220393000
6412.41	0.6210193000
6414.86	0.6200866000
6417.32	0.6187994000
6419.78	0.6174253000
6422.24	0.6162868000
6424.69	0.6153798000
6427.15	0.6142002000
6429.61	0.6129903000
6432.07	0.6114774000
6434.52	0.6104029000
6436.98	0.6091899000
6439.44	0.6081306000
6441.90	0.6071607000
6444.35	0.6055762000
6446.81	0.6042465000
6449.27	0.6032834000
6451.72	0.6020984000
6454.18	0.6007634000
6456.64	0.5997070000
6459.10	0.5983570000
6461.55	0.5969853000
6464.01	0.5961511000
6466.47	0.5949396000
6468.93	0.5934699000
6471.38	0.5925674000
6473.84	0.5911658000
6476.30	0.5899917000
6478.75	0.5885436000
6481.21	0.5874442000
6483.67	0.5864608000
6486.13	0.5853652000
6488.58	0.5839354000
6491.04	0.5828363000
6493.50	0.5814885000
6495.96	0.5800605000
6498.41	0.5789090000
6500.87	0.5776288000
6503.33	0.5765935000
6505.79	0.5754052000
6508.24	0.5742461000
6510.70	0.5729339000
6513.16	0.5717155000
6515.61	0.5706562000
6518.07	0.5692452000
6520.53	0.5682033000
6522.99	0.5670521000
6525.44	0.5657824000
6527.90	0.5645143000
6530.36	0.5632623000
6532.82	0.5621073000
6535.27	0.5607014000
6537.73	0.5596156000
6540.19	0.5587456000
6542.64	0.5575766000
6545.10	0.5561333000
6547.56	0.5544732000
6550.02	0.5532769000
6552.47	0.5524165000
6554.93	0.5513165000
6557.39	0.5501238000
6559.85	0.5486807000
6562.30	0.5475535000
6564.76	0.5464648000
6567.22	0.5452642000
6569.68	0.5438851000
6572.13	0.5426687000
6574.59	0.5414081000
6577.05	0.5400801000
6579.50	0.5391598000
6581.96	0.5379690000
6584.42	0.5367160000
6586.88	0.5355306000
6589.33	0.5344380000
6591.79	0.5332615000
6594.25	0.5318995000
6596.71	0.5307165000
6599.16	0.5294968000
6601.62	0.5284346000
6604.08	0.5273790000
6606.53	0.5256956000
6608.99	0.5244572000
6611.45	0.5233960000
6613.91	0.5221257000
6616.36	0.5210420000
6618.82	0.5199268000
6621.28	0.5188461000
6623.74	0.5174424000
6626.19	0.5162311000
6628.65	0.5147445000
6631.11	0.5135643000
6633.57	0.5123403000
6636.02	0.5113581000
6638.48	0.5101771000
6640.94	0.5090417000
6643.39	0.5077409000
6645.85	0.5063331000
6648.31	0.5053770000
6650.77	0.5041009000
6653.22	0.5028927000
6655.68	0.5017709000
6658.14	0.5003561000
6660.60	0.4988486000
6663.05	0.4980397000
6665.51	0.4966168000
6667.97	0.4953979000
6670.42	0.4941370000
6672.88	0.4931790000
6675.34	0.4917583000
6677.80	0.4905584000
6680.25	0.4892049000
6682.71	0.4880311000
6685.17	0.4867777000
6687.63	0.4856963000
6690.08	0.4843701000
6692.54	0.4831161000
6695.00	0.4821132000
6697.45	0.4805529000
6699.91	0.4794012000
6702.37	0.4781677000
6704.83	0.4768896000
6707.28	0.4757046000
6709.74	0.4745570000
6712.20	0.4733709000
6714.66	0.4721477000
6717.11	0.4709983000
6719.57	0.4696232000
6722.03	0.4681256000
6724.49	0.4668390000
6726.94	0.4656376000
6729.40	0.4644208000
6731.86	0.4631435000
6734.31	0.4619619000
6736.77	0.4606633000
6739.23	0.4593481000
6741.69	0.4583182000
6744.14	0.4569281000
6746.60	0.4553263000
6749.06	0.4542537000
6751.52	0.4531727000
6753.97	0.4520210000
6756.43	0.4506286000
6758.89	0.4492876000
6761.34	0.4479297000
6763.80	0.4468241000
6766.26	0.4455321000
6768.72	0.4439160000
6771.17	0.4428661000
6773.63	0.4416636000
6776.09	0.4399919000
6778.55	0.4388021000
6781.00	0.4377490000
6783.46	0.4364958000
6785.92	0.4351903000
6788.38	0.4336388000
6790.83	0.4321532000
6793.29	0.4309513000
6795.75	0.4297498000
6798.20	0.4283449000
6800.66	0.4269199000
6803.12	0.4255536000
6805.58	0.4241833000
6808.03	0.4229596000
6810.49	0.4218793000
6812.95	0.4202824000
6815.41	0.4188799000
6817.86	0.4175389000
6820.32	0.4161748000
6822.78	0.4150405000
6825.23	0.4136422000
6827.69	0.4122755000
6830.15	0.4107710000
6832.61	0.4096611000
6835.06	0.4083386000
6837.52	0.4067148000
6839.98	0.4055288000
6842.44	0.4045500000
6844.89	0.4030007000
6847.35	0.4016311000
6849.81	0.4003494000
6852.27	0.3989948000
6854.72	0.3977758000
6857.18	0.3965686000
6859.64	0.3951845000
6862.09	0.3938142000
6864.55	0.3924614000
6867.01	0.3910111000
6869.47	0.3896516000
6871.92	0.3884264000
6874.38	0.3870119000
6876.84	0.3857982000
6879.30	0.3845431000
6881.75	0.3830490000
6884.21	0.3818777000
6886.67	0.3807456000
6889.12	0.3792582000
6891.58	0.3777736000
6894.04	0.3766091000
6896.50	0.3753848000
6898.95	0.3741121000
6901.41	0.3727425000
6903.87	0.3714320000
6906.33	0.3700691000
6908.78	0.3686755000
6911.24	0.3672949000
6913.70	0.3659001000
6916.16	0.3647402000
6918.61	0.3637662000
6921.07	0.3622870000
6923.53	0.3610577000
6925.98	0.3596854000
6928.44	0.3583700000
6930.90	0.3570473000
6933.36	0.3558030000
6935.81	0.3546179000
6938.27	0.3532246000
6940.73	0.3520681000
6943.19	0.3506010000
6945.64	0.3492350000
6948.10	0.3479934000
6950.56	0.3466888000
6953.01	0.3455776000
6955.47	0.3441935000
6957.93	0.3429383000
6960.39	0.3415697000
6962.84	0.3403301000
6965.30	0.3390950000
6967.76	0.3377856000
6970.22	0.3366152000
6972.67	0.3353967000
6975.13	0.3341818000
6977.59	0.3327872000
6980.05	0.3315365000
6982.50	0.3302073000
6984.96	0.3289516000
6987.42	0.3278295000
6989.87	0.3264416000
6992.33	0.3254209000
6994.79	0.3242062000
6997.25	0.3227272000
6999.70	0.3214447000
7002.16	0.3202723000
7004.62	0.3190782000
7007.08	0.3180023000
7009.53	0.3167133000
7011.99	0.3154602000
7014.45	0.3142851000
7016.90	0.3130457000
7019.36	0.3117135000
7021.82	0.3103472000
7024.28	0.3091665000
7026.73	0.3080629000
7029.19	0.3069049000
7031.65	0.3056352000
7034.11	0.3043664000
7036.56	0.3032910000
7039.02	0.3021331000
7041.48	0.3009305000
7043.94	0.2996344000
7046.39	0.2984366000
7048.85	0.2973064000
7051.31	0.2960942000
7053.76	0.2948040000
7056.22	0.2938208000
7058.68	0.2927193000
7061.14	0.2914306000
7063.59	0.2902559000
7066.05	0.2889357000
7068.51	0.2878703000
7070.97	0.2868723000
7073.42	0.2856616000
7075.88	0.2845236000
7078.34	0.2833943000
7080.79	0.2821589000
7083.25	0.2810266000
7085.71	0.2799066000
7088.17	0.2785580000
7090.62	0.2774302000
7093.08	0.2765487000
7095.54	0.2752879000
7098.00	0.2740655000
7100.45	0.2729034000
7102.91	0.2717371000
7105.37	0.2706485000
7107.82	0.2695481000
7110.28	0.2683514000
7112.74	0.2672205000
7115.20	0.2663871000
7117.65	0.2652947000
7120.11	0.2640576000
7122.57	0.2628008000
7125.03	0.2617219000
7127.48	0.2605792000
7129.94	0.2595161000
7132.40	0.2585356000
7134.86	0.2574167000
7137.31	0.2562423000
7139.77	0.2549668000
7142.23	0.2538885000
7144.68	0.2528414000
7147.14	0.2517641000
7149.60	0.2506157000
7152.06	0.2495082000
7154.51	0.2484067000
7156.97	0.2475480000
7159.43	0.2464273000
7161.89	0.2452362000
7164.34	0.2443222000
7166.80	0.2432590000
7169.26	0.2421615000
7171.71	0.2410492000
7174.17	0.2401204000
7176.63	0.2390081000
7179.09	0.2378671000
7181.54	0.2368151000
7184.00	0.2358630000
7186.46	0.2348683000
7188.92	0.2338146000
7191.37	0.2326672000
7193.83	0.2316852000
7196.29	0.2307244000
7198.75	0.2296275000
7201.20	0.2285278000
7203.66	0.2274626000
7206.12	0.2265260000
7208.57	0.2255455000
7211.03	0.2243872000
7213.49	0.2234621000
7215.95	0.2225924000
7218.40	0.2214790000
7220.86	0.2205343000
7223.32	0.2196432000
7225.78	0.2181520000
7228.23	0.2172763000
7230.69	0.2167426000
7233.15	0.2155338000
7235.60	0.2146032000
7238.06	0.2137168000
7240.52	0.2127090000
7242.98	0.2117133000
7245.43	0.2106846000
7247.89	0.2096942000
7250.35	0.2086856000
7252.81	0.2077893000
7255.26	0.2068704000
7257.72	0.2058887000
7260.18	0.2050338000
7262.64	0.2039887000
7265.09	0.2030615000
7267.55	0.2020637000
7270.01	0.2010264000
7272.46	0.2000747000
7274.92	0.1991476000
7277.38	0.1984619000
7279.84	0.1974605000
7282.29	0.1964096000
7284.75	0.1956854000
7287.21	0.1946995000
7289.67	0.1936703000
7292.12	0.1927594000
7294.58	0.1918903000
7297.04	0.1910348000
7299.49	0.1900027000
7301.95	0.1891391000
7304.41	0.1881980000
7306.87	0.1873625000
7309.32	0.1864899000
7311.78	0.1854620000
7314.24	0.1845086000
7316.70	0.1836628000
7319.15	0.1827641000
7321.61	0.1819102000
7324.07	0.1809032000
7326.53	0.1799157000
7328.98	0.1791011000
7331.44	0.1781975000
7333.90	0.1773985000
7336.35	0.1766440000
7338.81	0.1756634000
7341.27	0.1747910000
7343.73	0.1739829000
7346.18	0.1730987000
7348.64	0.1723038000
7351.10	0.1713982000
7353.56	0.1704350000
7356.01	0.1696319000
7358.47	0.1688201000
7360.93	0.1678976000
7363.38	0.1669287000
7365.84	0.1661178000
7368.30	0.1653114000
7370.76	0.1645948000
7373.21	0.1636417000
7375.67	0.1627538000
7378.13	0.1619652000
7380.59	0.1611507000
7383.04	0.1603517000
7385.50	0.1594378000
7387.96	0.1585318000
7390.42	0.1578973000
7392.87	0.1571813000
7395.33	0.1563024000
7397.79	0.1553516000
7400.24	0.1545348000
7402.70	0.1537796000
7405.16	0.1530656000
7407.62	0.1522519000
7410.07	0.1514391000
7412.53	0.1506484000
7414.99	0.1498017000
7417.45	0.1489838000
7419.90	0.1481720000
7422.36	0.1474894000
7424.82	0.1466276000
7427.27	0.1459303000
7429.73	0.1451420000
7432.19	0.1442765000
7434.65	0.1435107000
7437.10	0.1428591000
7439.56	0.1421247000
7442.02	0.1412565000
7444.48	0.1404465000
7446.93	0.1397582000
7449.39	0.1389503000
7451.85	0.1381125000
7454.30	0.1373485000
7456.76	0.1365969000
7459.22	0.1358906000
7461.68	0.1352490000
7464.13	0.1345514000
7466.59	0.1337336000
7469.05	0.1330185000
7471.51	0.1324603000
7473.96	0.1316016000
7476.42	0.1307448000
7478.88	0.1300893000
7481.34	0.1294091000
7483.79	0.1286615000
7486.25	0.1279427000
7488.71	0.1272428000
7491.16	0.1264084000
7493.62	0.1257472000
7496.08	0.1250560000
7498.54	0.1243311000
7500.99	0.1236545000
7503.45	0.1229519000
7505.91	0.1222127000
7508.37	0.1215357000
7510.82	0.1209056000
7513.28	0.1202123000
7515.74	0.1194822000
7518.19	0.1187511000
7520.65	0.1180743000
7523.11	0.1174988000
7525.57	0.1167963000
7528.02	0.1160827000
7530.48	0.1153872000
7532.94	0.1147335000
7535.40	0.1141350000
7537.85	0.1134282000
7540.31	0.1127053000
7542.77	0.1121908000
7545.23	0.1115376000
7547.68	0.1107921000
7550.14	0.1102659000
7552.60	0.1096810000
7555.05	0.1087588000
7557.51	0.1078287000
7559.97	0.1076288000
7562.43	0.1070552000
7564.88	0.1062597000
7567.34	0.1056669000
7569.80	0.1050221000
7572.26	0.1044072000
7574.71	0.1038108000
7577.17	0.1031909000
7579.63	0.1026733000
7582.08	0.1020181000
7584.54	0.1013692000
7587.00	0.1006129000
7589.46	0.1000653000
7591.91	0.0994853800
7594.37	0.0988083200
7596.83	0.0982844100
7599.29	0.0977513800
7601.74	0.0971517400
7604.20	0.0965300300
7606.66	0.0958165700
7609.12	0.0953881400
7611.57	0.0948567800
7614.03	0.0942513500
7616.49	0.0935646400
7618.94	0.0929821300
7621.40	0.0924514700
7623.86	0.0918174100
7626.32	0.0913611900
7628.77	0.0908348400
7631.23	0.0901893600
7633.69	0.0896138700
7636.15	0.0890010100
7638.60	0.0884157200
7641.06	0.0879156600
7643.52	0.0873680800
7645.97	0.0867785500
7648.43	0.0862484900
7650.89	0.0858032000
7653.35	0.0853159600
7655.80	0.0846221100
7658.26	0.0840541900
7660.72	0.0836092500
7663.18	0.0830939100
7665.63	0.0824869600
7668.09	0.0819713900
7670.55	0.0814809200
7673.01	0.0809183000
7675.46	0.0805124900
7677.92	0.0799653200
7680.38	0.0794597100
7682.83	0.0789412900
7685.29	0.0784806200
7687.75	0.0779815200
7690.21	0.0774140100
7692.66	0.0768539400
7695.12	0.0763772100
7697.58	0.0757604800
7700.04	0.0753396100
7702.49	0.0748125900
7704.95	0.0743952300
7707.41	0.0739741600
7709.86	0.0733920100
7712.32	0.0728498000
7714.78	0.0723910900
7717.24	0.0719678700
7719.69	0.0715040900
7722.15	0.0709641100
7724.61	0.0700155300
7727.07	0.0694067700
7729.52	0.0689832600
7731.98	0.0685143900
7734.44	0.0681483100
7736.90	0.0676260900
7739.35	0.0672702100
7741.81	0.0668148200
7744.27	0.0661802700
7746.72	0.0658346200
7749.18	0.0654104700
7751.64	0.0649200800
7754.10	0.0644468700
7756.55	0.0640370400
7759.01	0.0636112700
7761.47	0.0632642700
7763.93	0.0628297500
7766.38	0.0623037700
7768.84	0.0618589600
7771.30	0.0615008100
7773.75	0.0612352400
7776.21	0.0606935900
7778.67	0.0602902100
7781.13	0.0598465300
7783.58	0.0594533900
7786.04	0.0590379600
7788.50	0.0585265400
7790.96	0.0582236100
7793.41	0.0579367100
7795.87	0.0574918400
7798.33	0.0570376300
7800.79	0.0566595000
7803.24	0.0562984800
7805.70	0.0558298600
7808.16	0.0554446000
7810.61	0.0550892000
7813.07	0.0547252400
7815.53	0.0543388400
7817.99	0.0539740900
7820.44	0.0535443400
7822.90	0.0531878400
7825.36	0.0528732600
7827.82	0.0524924200
7830.27	0.0522132700
7832.73	0.0518431400
7835.19	0.0513724200
7837.64	0.0510234900
7840.10	0.0507107300
7842.56	0.0503355000
7845.02	0.0500183600
7847.47	0.0496503300
7849.93	0.0492707600
7852.39	0.0489727700
7854.85	0.0486216300
7857.30	0.0482614000
7859.76	0.0478907900
7862.22	0.0475739600
7864.67	0.0472451300
7867.13	0.0468395000
7869.59	0.0465098000
7872.05	0.0462513500
7874.50	0.0459515400
7876.96	0.0456111400
7879.42	0.0452371500
7881.88	0.0448464100
7884.33	0.0445571600
7886.79	0.0442868400
7889.25	0.0439038700
7891.71	0.0436058400
7894.16	0.0433402500
7896.62	0.0430154900
7899.08	0.0426182000
7901.53	0.0423911600
7903.99	0.0420984100
7906.45	0.0416983900
7908.91	0.0414327700
7911.36	0.0410728000
7913.82	0.0408853300
7916.28	0.0406682700
7918.74	0.0403265500
7921.19	0.0399891200
7923.65	0.0396384400
7926.11	0.0394711300
7928.56	0.0391757700
7931.02	0.0388293500
7933.48	0.0384372600
7935.94	0.0381735900
7938.39	0.0379774300
7940.85	0.0376500000
7943.31	0.0374215800
7945.77	0.0369889200
7948.22	0.0367969700
7950.68	0.0365982400
7953.14	0.0363406700
7955.60	0.0360563200
7958.05	0.0356830500
7960.51	0.0354577500
7962.97	0.0351693900
7965.42	0.0348846900
7967.88	0.0346879000
7970.34	0.0344492700
7972.80	0.0342140800
7975.25	0.0339287300
7977.71	0.0336700800
7980.17	0.0334095700
7982.63	0.0331896500
7985.08	0.0329417600
7987.54	0.0326928900
7990.00	0.0324553400
7992.45	0.0322059800
7994.91	0.0319255300
7997.37	0.0316539400
7999.83	0.0315101900
8002.28	0.0311887700
8004.74	0.0308620600
8007.20	0.0307179200
8009.66	0.0305149900
8012.11	0.0302970500
8014.57	0.0300354600
8017.03	0.0296893900
8019.49	0.0294709900
8021.94	0.0294221700
8024.40	0.0291668400
8026.86	0.0288516900
8029.31	0.0286889000
8031.77	0.0284876500
8034.23	0.0281861700
8036.69	0.0280085200
8039.14	0.0277935500
8041.60	0.0275370500
8044.06	0.0273699500
8046.52	0.0272567400
8048.97	0.0269586800
8051.43	0.0267729100
8053.89	0.0265319700
8056.34	0.0263589500
8058.80	0.0261120200
8061.26	0.0259357500
8063.72	0.0256943900
8066.17	0.0254449500
8068.63	0.0253747500
8071.09	0.0251817400
8073.55	0.0248943100
8076.00	0.0247198500
8078.46	0.0245511500
8080.92	0.0243107800
8083.38	0.0240893300
8085.83	0.0239550500
8088.29	0.0237909300
8090.75	0.0235191100
8093.20	0.0233425600
8095.66	0.0231619800
8098.12	0.0229755700
8100.58	0.0229283600
8103.03	0.0226638400
8105.49	0.0223863400
8107.95	0.0222396900
8110.41	0.0220515000
8112.86	0.0218497200
8115.32	0.0217686600
8117.78	0.0215759200
8120.23	0.0214096800
8122.69	0.0213057800
8125.15	0.0210750300
8127.61	0.0208994400
8130.06	0.0207229800
8132.52	0.0206094100
8134.98	0.0204587400
8137.44	0.0201886800
8139.89	0.0200881000
8142.35	0.0198998900
8144.81	0.0196981800
8147.27	0.0195717000
8149.72	0.0193542900
8152.18	0.0192300500
8154.64	0.0191162900
8157.09	0.0189959900
8159.55	0.0188457500
8162.01	0.0187084600
8164.47	0.0185399900
8166.92	0.0182989400
8169.38	0.0182053600
8171.84	0.0180849600
8174.30	0.0178728900
8176.75	0.0177163400
8179.21	0.0175352900
8181.67	0.0174362000
8184.12	0.0173538600
8186.58	0.0172094100
8189.04	0.0170616300
8191.50	0.0169347700
8193.95	0.0167670600
8196.41	0.0166127600
8198.87	0.0164915200
8201.33	0.0163660900
8203.78	0.0163111900
8206.24	0.0161663100
8208.70	0.0160499800
8211.15	0.0158098700
8213.61	0.0157209200
8216.07	0.0156368600
8218.53	0.0154616800
8220.98	0.0153345900
8223.44	0.0152677100
8225.90	0.0150754200
8228.36	0.0148852600
8230.81	0.0148173600
8233.27	0.0146721600
8235.73	0.0146117800
8238.19	0.0144804000
8240.64	0.0143509400
8243.10	0.0142279700
8245.56	0.0141208600
8248.01	0.0140439600
8250.47	0.0138996700
8252.93	0.0137556400
8255.39	0.0136259500
8257.84	0.0134818500
8260.30	0.0134078800
8262.76	0.0133796300
8265.22	0.0132110300
8267.67	0.0130503400
8270.13	0.0130876700
8272.59	0.0128809500
8275.04	0.0127802200
8277.50	0.0126336400
8279.96	0.0125852300
8282.42	0.0124933300
8284.87	0.0123456600
8287.33	0.0122090200
8289.79	0.0120176900
8292.25	0.0120046200
8294.70	0.0119253300
8297.16	0.0118224900
8299.62	0.0117141500
8302.08	0.0116440200
8304.53	0.0115388700
8306.99	0.0114226300
8309.45	0.0113827400
8311.90	0.0112626100
8314.36	0.0111454100
8316.82	0.0110714300
8319.28	0.0110169700
8321.73	0.0109119400
8324.19	0.0107979500
8326.65	0.0107315600
8329.11	0.0106261400
8331.56	0.0105040600
8334.02	0.0104122600
8336.48	0.0103306200
8338.93	0.0102076800
8341.39	0.0102416900
8343.85	0.0101692500
8346.31	0.0099760960
8348.76	0.0099094430
8351.22	0.0098851330
8353.68	0.0097681790
8356.14	0.0096728110
8358.59	0.0096561900
8361.05	0.0095576070
8363.51	0.0094763860
8365.97	0.0094022310
8368.42	0.0093354160
8370.88	0.0092968040
8373.34	0.0091190460
8375.79	0.0090252080
8378.25	0.0090107680
8380.71	0.0088846300
8383.17	0.0088629310
8385.62	0.0088232690
8388.08	0.0086972350
8390.54	0.0086676640
8393.00	0.0085576680
8395.45	0.0084791420
8397.91	0.0084505970
8400.37	0.0083592600
8402.82	0.0083101380
8405.28	0.0082097660
8407.74	0.0081538390
8410.20	0.0080878690
8412.65	0.0080915670
8415.11	0.0079624220
8417.57	0.0078842230
8420.03	0.0078014160
8422.48	0.0077769760
8424.94	0.0077141350
8427.40	0.0076771290
8429.86	0.0076491860
8432.31	0.0075458200
8434.77	0.0074711010
8437.23	0.0074900880
8439.68	0.0073491970
8442.14	0.0073009050
8444.60	0.0072417900
8447.06	0.0071748340
8449.51	0.0070965710
8451.97	0.0070820370
8454.43	0.0069774920
8456.89	0.0068692220
8459.34	0.0068673650
8461.80	0.0067790310
8464.26	0.0067700660
8466.71	0.0066702600
8469.17	0.0066493410
8471.63	0.0065296480
8474.09	0.0064027560
8476.54	0.0064431970
8479.00	0.0064503960
8481.46	0.0063643430
8483.92	0.0062957160
8486.37	0.0062937110
8488.83	0.0062999670
8491.29	0.0062481440
8493.75	0.0060831400
8496.20	0.0061093480
8498.66	0.0060493380
8501.12	0.0059757460
8503.57	0.0059992120
8506.03	0.0059929140
8508.49	0.0059234610
8510.95	0.0058255740
8513.40	0.0058317580
8515.86	0.0058784300
8518.32	0.0056969200
8520.78	0.0055947860
8523.23	0.0055671460
8525.69	0.0055754820
8528.15	0.0055580690
8530.60	0.0054632290
8533.06	0.0054462340
8535.52	0.0054687550
8537.98	0.0053708230
8540.43	0.0053351040
8542.89	0.0052566470
8545.35	0.0051923650
8547.81	0.0051576090
8550.26	0.0051181370
8552.72	0.0051350830
8555.18	0.0050695930
8557.64	0.0049909740
8560.09	0.0049552100
8562.55	0.0049128640
8565.01	0.0048800570
8567.46	0.0048903730
8569.92	0.0049188880
8572.38	0.0048271330
8574.84	0.0047793370
8577.29	0.0047402000
8579.75	0.0046530250
8582.21	0.0046105470
8584.67	0.0045429520
8587.12	0.0045251470
8589.58	0.0045461900
8592.04	0.0045742080
8594.49	0.0045302310
8596.95	0.0044213130
8599.41	0.0044161310
8601.87	0.0043856330
8604.32	0.0043092200
8606.78	0.0043142790
8609.24	0.0043322080
8611.70	0.0042315830
8614.15	0.0041473060
8616.61	0.0041571000
8619.07	0.0040973560
8621.52	0.0040024610
8623.98	0.0039969260
8626.44	0.0040392370
8628.90	0.0039599500
8631.35	0.0039560240
8633.81	0.0039244080
8636.27	0.0039063840
8638.73	0.0039200960
8641.18	0.0038330840
8643.64	0.0038627010
8646.10	0.0038175650
8648.56	0.0037329850
8651.01	0.0036694930
8653.47	0.0036527010
8655.93	0.0036417790
8658.38	0.0035956790
8660.84	0.0036107200
8663.30	0.0035773130
8665.76	0.0035965340
8668.21	0.0035625150
8670.67	0.0035512010
8673.13	0.0034368930
8675.59	0.0033930010
8678.04	0.0034483320
8680.50	0.0033769260
8682.96	0.0033667790
8685.41	0.0034269950
8687.87	0.0032657930
8690.33	0.0031701010
8692.79	0.0033046340
8695.24	0.0032670790
8697.70	0.0031603170
8700.16	0.0032417390
8702.62	0.0032140370
8705.07	0.0032062590
8707.53	0.0030960340
8709.99	0.0031108650
8712.45	0.0030783990
8714.90	0.0030554120
8717.36	0.0030996810
8719.82	0.0030635830
8722.27	0.0030169300
8724.73	0.0029438530
8727.19	0.0029701220
8729.65	0.0029253610
8732.10	0.0029639100
8734.56	0.0028758340
8737.02	0.0028914930
8739.48	0.0027981590
8741.93	0.0027990940
8744.39	0.0027741320
8746.85	0.0027335500
8749.30	0.0028200720
8751.76	0.0026846760
8754.22	0.0027050900
8756.68	0.0027614750
8759.13	0.0026725820
8761.59	0.0026199620
8764.05	0.0026592950
8766.51	0.0026037530
8768.96	0.0026180390
8771.42	0.0025513560
8773.88	0.0025129990
8776.34	0.0025469540
8778.79	0.0024702130
8781.25	0.0024443110
8783.71	0.0025150370
8786.16	0.0025274620
8788.62	0.0023626490
8791.08	0.0023533140
8793.54	0.0024444370
8795.99	0.0024301690
8798.45	0.0023794320
8800.91	0.0023381300
8803.37	0.0023638020
8805.82	0.0024078130
8808.28	0.0023601580
8810.74	0.0022848370
8813.19	0.0022878010
8815.65	0.0023463970
8818.11	0.0023351710
8820.57	0.0022207010
8823.02	0.0022312950
8825.48	0.0021791510
8827.94	0.0021332710
8830.40	0.0022156530
8832.85	0.0021562360
8835.31	0.0021024750
8837.77	0.0021764880
8840.23	0.0021976460
8842.68	0.0022163220
8845.14	0.0019765690
8847.60	0.0020593200
8850.05	0.0021662070
8852.51	0.0021661350
8854.97	0.0020879680
8857.43	0.0020943750
8859.88	0.0020640210
8862.34	0.0021441660
8864.80	0.0020887250
8867.26	0.0020361340
8869.71	0.0019736700
8872.17	0.0020095470
8874.63	0.0020186370
8877.08	0.0020219950
8879.54	0.0019158440
8882.00	0.0020300230
8884.46	0.0019685050
8886.91	0.0019803780
8889.37	0.0019488190
8891.83	0.0017889140
8894.29	0.0018345940
8896.74	0.0019048630
8899.20	0.0018449300
8901.66	0.0018607940
8904.12	0.0018357810
8906.57	0.0019194690
8909.03	0.0017865480
8911.49	0.0017783140
8913.94	0.0018154940
8916.40	0.0017798100
8918.86	0.0017375280
8921.32	0.0016615550
8923.77	0.0016915010
8926.23	0.0017566170
8928.69	0.0017420500
8931.15	0.0017079690
8933.60	0.0015626660
8936.06	0.0016658080
8938.52	0.0016715880
8940.97	0.0016263710
8943.43	0.0016524560
8945.89	0.0017161390
8948.35	0.0016785020
8950.80	0.0016843170
8953.26	0.0016506370
8955.72	0.0016503740
8958.18	0.0016869730
8960.63	0.0016448400
8963.09	0.0015926850
8965.55	0.0015233400
8968.00	0.0016148620
8970.46	0.0016443940
8972.92	0.0015624240
8975.38	0.0015692220
8977.83	0.0015818300
8980.29	0.0016172280
8982.75	0.0015865250
8985.21	0.0015617080
8987.66	0.0016120240
8990.12	0.0015605530
8992.58	0.0015786870
8995.04	0.0015265180
8997.49	0.0014680740
8999.95	0.0015919720
9002.41	0.0015603230
9004.86	0.0014415030
9007.32	0.0014632430
9009.78	0.0015331620
9012.24	0.0015073510
9014.69	0.0015113920
9017.15	0.0015440910
9019.61	0.0014360400
9022.07	0.0013094550
9024.52	0.0013078890
9026.98	0.0013591210
9029.44	0.0014593990
9031.89	0.0014056820
9034.35	0.0013339930
9036.81	0.0013145610
9039.27	0.0012866140
9041.72	0.0014168380
9044.18	0.0015311560
9046.64	0.0014793000
9049.10	0.0013846170
9051.55	0.0014502630
9054.01	0.0013683180
9056.47	0.0013764800
9058.93	0.0014480150
9061.38	0.0012504390
9063.84	0.0013656310
9066.30	0.0014506200
9068.75	0.0013487980
9071.21	0.0013518700
9073.67	0.0012618630
9076.13	0.0013572990
9078.58	0.0013322820
9081.04	0.0012454330
9083.50	0.0013460400
9085.96	0.0013448770
9088.41	0.0014015590
9090.87	0.0013992650
9093.33	0.0013779980
9095.78	0.0014093550
9098.24	0.0012687350
9100.70	0.0012768300
9103.16	0.0014188490
9105.61	0.0012831440
9108.07	0.0012217000
9110.53	0.0012705750
9112.99	0.0012757280
9115.44	0.0012083950
9117.90	0.0013312170
9120.36	0.0012494290
9122.82	0.0011690530
9125.27	0.0014018820
9127.73	0.0012261030
9130.19	0.0012062250
9132.64	0.0013209960
9135.10	0.0011199960
9137.56	0.0011729870
9140.02	0.0012613430
9142.47	0.0012494150
9144.93	0.0012101540
9147.39	0.0012204230
9149.85	0.0012411700
9152.30	0.0012474070
9154.76	0.0012176440
9157.22	0.0012615550
9159.67	0.0011409740
9162.13	0.0010485660
9164.59	0.0012206310
9167.05	0.0012406180
9169.50	0.0012293550
9171.96	0.0012658220
9174.42	0.0011637500
9176.88	0.0011289910
9179.33	0.0011315040
9181.79	0.0011692240
9184.25	0.0012320450
9186.71	0.0012334140
9189.16	0.0012534590
9191.62	0.0012159760
9194.08	0.0011828520
9196.53	0.0011637360
9198.99	0.0011814020
9201.45	0.0012193180
9203.91	0.0012412230
9206.36	0.0013151590
9208.82	0.0012235860
9211.28	0.0011934980
9213.74	0.0011771750
9216.19	0.0011127300
9218.65	0.0010924100
9221.11	0.0010871100
9223.56	0.0012184700
9226.02	0.0011362560
9228.48	0.0010259240
9230.94	0.0010592210
9233.39	0.0011472290
9235.85	0.0010204130
9238.31	0.0010315900
9240.77	0.0010909860
9243.22	0.0010675020
9245.68	0.0010436810
9248.14	0.0011103990
9250.60	0.0013052450
9253.05	0.0010511470
9255.51	0.0011011910
9257.97	0.0010351900
9260.42	0.0010022760
9262.88	0.0011295740
9265.34	0.0010795170
9267.80	0.0011646050
9270.25	0.0010499870
9272.71	0.0011121680
9275.17	0.0010691700
9277.63	0.0011105620
9280.08	0.0009228077
9282.54	0.0010667990
9285.00	0.0011358560
9287.45	0.0010627000
9289.91	0.0009065346
9292.37	0.0010376570
9294.83	0.0010702120
9297.28	0.0010808610
9299.74	0.0010075690
9302.20	0.0010118720
9304.66	0.0010453050
9307.11	0.0009890185
9309.57	0.0010468060
9312.03	0.0010986640
9314.49	0.0010431560
9316.94	0.0008653264
9319.40	0.0009104706
9321.86	0.0009259582
9324.31	0.0010502680
9326.77	0.0011400240
9329.23	0.0011774080
9331.69	0.0010384850
9334.14	0.0009726995
9336.60	0.0010255870
9339.06	0.0010613330
9341.52	0.0009527720
9343.97	0.0009761291
9346.43	0.0008741541
9348.89	0.0009397152
9351.34	0.0009213414
9353.80	0.0007705597
9356.26	0.0010301710
9358.72	0.0012454520
9361.17	0.0010568240
9363.63	0.0011911560
9366.09	0.0012523450
9368.55	0.0009560561
9371.00	0.0010005300
9373.46	0.0009808590
9375.92	0.0008026029
9378.37	0.0009006983
9380.83	0.0010433280
9383.29	0.0010569900
9385.75	0.0010745710
9388.20	0.0010415040
9390.66	0.0008675079
9393.12	0.0008898588
9395.58	0.0010163290
9398.03	0.0008474862
9400.49	0.0007672562
9402.95	0.0009996616
9405.41	0.0011276520
9407.86	0.0010113850
9410.32	0.0010426720
9412.78	0.0009439581
9415.23	0.0008292070
9417.69	0.0010112940
9420.15	0.0008878298
9422.61	0.0007775222
9425.06	0.0008582833
9427.52	0.0011201200
9429.98	0.0010738500
9432.44	0.0008653214
9434.89	0.0012274020
9437.35	0.0011188220
9439.81	0.0010949770
9442.26	0.0008734307
9444.72	0.0009174288
9447.18	0.0008107624
9449.64	0.0009687577
9452.09	0.0008772857
9454.55	0.0009895973
9457.01	0.0011851700
9459.47	0.0010804170
9461.92	0.0008868332
9464.38	0.0009596169
9466.84	0.0009602675
9469.30	0.0007648601
9471.75	0.0007333076
9474.21	0.0008509548
9476.67	0.0009575688
9479.12	0.0008351458
9481.58	0.0009599715
9484.04	0.0012372310
9486.50	0.0009012707
9488.95	0.0008049964
9491.41	0.0009557804
9493.87	0.0007015869
9496.33	0.0007525206
9498.78	0.0009250852
9501.24	0.0010366110
9503.70	0.0010855010
9506.15	0.0006165274
9508.61	0.0005325517
9511.07	0.0007190645
9513.53	0.0008053348
9515.98	0.0007602285
9518.44	0.0006692024
9520.90	0.0007767527
9523.36	0.0007651856
9525.81	0.0008576607
9528.27	0.0006948128
9530.73	0.0007080111
9533.19	0.0008183357
9535.64	0.0006936740
9538.10	0.0009161235
9540.56	0.0009817134
9543.01	0.0007898531
9545.47	0.0007132026
9547.93	0.0008878697
9550.39	0.0006554244
9552.84	0.0005271927
9555.30	0.0008630003
9557.76	0.0007828496
9560.22	0.0007451924
9562.67	0.0007163713
9565.13	0.0006012449
9567.59	0.0008128830
9570.04	0.0008324034
9572.50	0.0006889307
9574.96	0.0008066684
9577.42	0.0008326937
9579.87	0.0008159662
9582.33	0.0010041080
9584.79	0.0008460053
9587.25	0.0006635100
9589.70	0.0006918099
9592.16	0.0007264856
9594.62	0.0008955700
9597.08	0.0009160826
9599.53	0.0009664585
9601.99	0.0008538001
9604.45	0.0009101057
9606.90	0.0007104063
9609.36	0.0005605427
9611.82	0.0005885395
9614.28	0.0007888544
9616.73	0.0006483712
9619.19	0.0004742338
9621.65	0.0006808129
9624.11	0.0007095908
9626.56	0.0006421182
9629.02	0.0008407073
9631.48	0.0007601478
9633.93	0.0010342650
9636.39	0.0012125650
9638.85	0.0007100122
9641.31	0.0008416629
9643.76	0.0008993987
9646.22	0.0009580251
9648.68	0.0008867829
9651.14	0.0009154429
9653.59	0.0008765025
9656.05	0.0007972900
9658.51	0.0006214693
9660.97	0.0005147590
9663.42	0.0006527642
9665.88	0.0004888984
9668.34	0.0007110686
9670.79	0.0007159640
9673.25	0.0009060907
9675.71	0.0008691128
9678.17	0.0005827058
9680.62	0.0005663563
9683.08	0.0008228805
9685.54	0.0007326112
9688.00	0.0009358352
9690.45	0.0007461755
9692.91	0.0006157366
9695.37	0.0004246311
9697.82	0.0006734498
9700.28	0.0009314962
9702.74	0.0007123682
9705.20	0.0006307291
9707.65	0.0007518108
9710.11	0.0007195415
9712.57	0.0007707434
9715.03	0.0005796597
9717.48	0.0008535924
9719.94	0.0007064032
9722.40	0.0007186706
9724.85	0.0008462880
9727.31	0.0006896243
9729.77	0.0006905398
9732.23	0.0004697602
9734.68	0.0005563026
9737.14	0.0006438612
9739.60	0.0007662681
9742.06	0.0006815935
9744.51	0.0004682695
9746.97	0.0007757258
9749.43	0.0006875079
9751.89	0.0004400570
9754.34	0.0006163121
9756.80	0.0009391264
9759.26	0.0009215053
9761.71	0.0007506133
9764.17	0.0008726590
9766.63	0.0009675299
9769.09	0.0008079763
9771.54	0.0005553975
9774.00	0.0005771320
9776.46	0.0006766792
9778.92	0.0009724174
9781.37	0.0006751511
9783.83	0.0005955043
9786.29	0.0005937599
9788.74	0.0006234804
9791.20	0.0005923506
9793.66	0.0003424448
9796.12	0.0004616689
9798.57	0.0006962157
9801.03	0.0004013117
9803.49	0.0004546901
9805.95	0.0004628524
9808.40	0.0005228478
9810.86	0.0004808227
9813.32	0.0007149247
9815.78	0.0007619216
9818.23	0.0004625047
9820.69	0.0004165896
9823.15	0.0003818894
9825.60	0.0002091756
9828.06	0.0007535170
9830.52	0.0007387198
9832.98	0.0001234915
9835.43	0.0002062573
9837.89	0.0007978908
9840.35	0.0007053957
9842.81	0.0006969320
9845.26	0.0003046209
9847.72	0.0006441334
9850.18	0.0007443622
9852.63	0.0003227667
9855.09	0.0003772846
9857.55	0.0007135336
9860.01	0.0004930924
9862.46	0.0000928468
9864.92	0.0005558867
9867.38	0.0005507051
9869.84	0.0005424985
9872.29	0.0002640768
9874.75	0.0003766157
9877.21	0.0004081076
9879.67	0.0005947060
9882.12	0.0003222153
9884.58	0.0005426529
9887.04	0.0005504034
9889.49	0.0005935191
9891.95	0.0004423409
9894.41	0.0001043057
9896.87	0.0004583034
9899.32	0.0004523269
9901.78	0.0003670505
9904.24	0.0000474064
9906.70	0.0001902712
9909.15	0.0005705635
9911.61	0.0007621117
9914.07	0.0005588019
9916.52	0.0001725905
9918.98	0.0002964991
9921.44	0.0003413279
9923.90	0.0002423843
9926.35	0.0006024045
9928.81	0.0004705028
9931.27	-0.0001497541
9933.73	0.0001315089
9936.18	0.0007548012
9938.64	0.0006567288
9941.10	0.0002568967
9943.56	0.0004829616
9946.01	0.0006374874
9948.47	0.0004727391
9950.93	0.0001825053
9953.38	0.0002246989
9955.84	0.0004956200
9958.30	0.0003444541
9960.76	0.0005592939
9963.21	0.0004111803
9965.67	0.0000093466
9968.13	0.0001421045
9970.59	0.0002360777
9973.04	0.0003663974
9975.50	0.0006703690
9977.96	0.0004887542
9980.41	0.0002852951
9982.87	0.0007177445
9985.33	0.0007150804
9987.79	0.0003107305
9990.24	0.0005104304
9992.70	0.0005540603
9995.16	0.0007420323
9997.62	0.0003002134
10000.07	0.0003901026
10002.53	0.0000724981
10004.99	0.0002458868
10007.45	0.0000427256
10009.90	0.0007399369
10012.36	0.0009261229
10014.82	0.0007130592
10017.27	0.0005432331
10019.73	0.0008069368
10022.19	0.0005578041
10024.65	0.0006653844
10027.10	0.0010117020
10029.56	0.0009094601
10032.02	0.0009106795
10034.48	0.0006998667
10036.93	0.0008934381
10039.39	0.0000453209
10041.85	0.0005397259
10044.30	0.0004125103
10046.76	0.0009758073
10049.22	0.0007484871
10051.68	0.0006622903
10054.13	0.0006388599
10056.59	0.0003118155
10059.05	0.0004477677
10061.51	0.0005184035
10063.96	0.0004116666
10066.42	0.0005276438
10068.88	0.0007619459
10071.34	0.0008375401
10073.79	0.0003608126
10076.25	0.0002128024
10078.71	0.0003884177
10081.16	0.0007479173
10083.62	0.0003045734
10086.08	0.0001516828
10088.54	0.0003261358
10090.99	0.0004614444
10093.45	0.0008809561
10095.91	0.0009603385
10098.37	0.0007173818
10100.82	0.0005860807
10103.28	0.0010696570
10105.74	0.0009216352
10108.19	0.0005079494
10110.65	0.0004031286
10113.11	0.0014720850
10115.57	0.0008547662
10118.02	0.0009300564
10120.48	0.0011015630
10122.94	0.0011009720
10125.40	0.0007043397
10127.85	0.0012573020
10130.31	0.0012551700
10132.77	0.0014252510
10135.22	0.0012383800
10137.68	0.0010743510
10140.14	0.0012073380
10142.60	0.0008638456
10145.05	0.0006952836
10147.51	0.0013122970
10149.97	0.0018608160
10152.43	0.0015773820
10154.88	0.0008266469
10157.34	0.0004917430
10159.80	0.0007533220
10162.26	0.0012184310
10164.71	0.0010913430
10167.17	0.0012055280
10169.63	0.0010589950
10172.08	0.0007140828
10174.54	0.0005535299
10177.00	0.0001547454
10179.46	0.0008045546
10181.91	0.0007281207
10184.37	0.0012860090
10186.83	0.0007731508
10189.29	0.0006023298
10191.74	0.0011331530
10194.20	0.0009283496
10196.66	0.0007264469
10199.11	0.0009051232
10201.57	0.0007700355
10204.03	0.0007758912
10206.49	0.0015307480
10208.94	0.0005926354
10211.40	-0.0005925403
10213.86	0.0007514979
10216.32	0.0006851601
10218.77	-0.0005031017
10221.23	0.0009770225
10223.69	0.0017683300
10226.15	0.0008521283
10228.60	0.0009567539
10231.06	0.0012166940
10233.52	0.0006025945
10235.97	-0.0002536629
10238.43	0.0010186560
10240.89	0.0012265540
10243.35	0.0002553947
10245.80	0.0010680170
10248.26	0.0003008867
10250.72	0.0017660360
10253.18	0.0013813150
10255.63	0.0018238320
10258.09	0.0020105740
10260.55	0.0013813990
10263.00	0.0004689222
10265.46	0.0014066520
10267.92	-0.0000521586