2048 1
4802.23	0.00251904400
4804.68	0.00268572800
4807.13	0.00270865300
4809.59	0.00271094900
4812.04	0.00263754200
4814.5	0.00268187400
4816.95	0.00259282700
4819.41	0.00266255900
4821.86	0.00266786900
4824.32	0.00255427400
4826.77	0.00262363200
4829.23	0.00255820600
4831.68	0.00261030200
4834.14	0.00268104200
4836.59	0.00259369800
4839.04	0.00261984800
4841.5	0.00258429800
4843.95	0.00260656200
4846.41	0.00255379800
4848.86	0.00256643300
4851.32	0.00255081500
4853.77	0.00251045200
4856.23	0.00263673600
4858.68	0.00250358400
4861.14	0.00248624900
4863.59	0.00258043600
4866.05	0.00261282300
4868.5	0.00255180500
4870.95	0.00245410900
4873.41	0.00253572000
4875.86	0.00255780600
4878.32	0.00252618800
4880.77	0.00250871100
4883.23	0.00245535900
4885.68	0.00256502700
4888.14	0.00246706000
4890.59	0.00249632700
4893.05	0.00251701900
4895.5	0.00232661300
4897.96	0.00239963500
4900.41	0.00243139000
4902.86	0.00251548800
4905.32	0.00243926300
4907.77	0.00236001800
4910.23	0.00244434100
4912.68	0.00243341100
4915.14	0.00245523900
4917.59	0.00238738000
4920.05	0.00236848400
4922.5	0.00236038600
4924.96	0.00242136700
4927.41	0.00245083900
4929.86	0.00231430300
4932.32	0.00233685600
4934.77	0.00238419000
4937.23	0.00235586900
4939.68	0.00241100200
4942.14	0.00233943400
4944.59	0.00238811500
4947.05	0.00239018900
4949.5	0.00236653000
4951.96	0.00240417200
4954.41	0.00231652700
4956.87	0.00231959900
4959.32	0.00229762300
4961.77	0.00232114100
4964.23	0.00239420400
4966.68	0.00228809700
4969.14	0.00234404800
4971.59	0.00230687500
4974.05	0.00232663400
4976.5	0.00237077000
4978.96	0.00229055000
4981.41	0.00228723500
4983.87	0.00232604800
4986.32	0.00234994100
4988.78	0.00233367400
4991.23	0.00233213000
4993.68	0.00230405700
4996.14	0.00228303100
4998.59	0.00237642100
5001.05	0.00232254000
5003.5	0.00230832000
5005.96	0.00229867200
5008.41	0.00229645600
5010.87	0.00237718200
5013.32	0.00228685900
5015.78	0.00230201200
5018.23	0.00229781000
5020.69	0.00228158000
5023.14	0.00230141300
5025.59	0.00223107900
5028.05	0.00227434000
5030.5	0.00220182200
5032.96	0.00233756000
5035.41	0.00230455600
5037.87	0.00226335200
5040.32	0.00226973500
5042.78	0.00226527500
5045.23	0.00228632100
5047.69	0.00226545600
5050.14	0.00218217000
5052.6	0.00220961000
5055.05	0.00220014200
5057.5	0.00228894500
5059.96	0.00219456900
5062.41	0.00215077500
5064.87	0.00221500800
5067.32	0.00222821400
5069.78	0.00224085400
5072.23	0.00220247000
5074.69	0.00219437100
5077.14	0.00221033700
5079.6	0.00218016900
5082.05	0.00219597500
5084.51	0.00218186100
5086.96	0.00215717400
5089.41	0.00215849900
5091.87	0.00219566700
5094.32	0.00216615900
5096.78	0.00210486100
5099.23	0.00216062900
5101.69	0.00212023900
5104.14	0.00217351500
5106.6	0.00224930400
5109.05	0.00218327300
5111.51	0.00214704900
5113.96	0.00212366200
5116.42	0.00211750600
5118.87	0.00212602900
5121.32	0.00210111100
5123.78	0.00211535900
5126.23	0.00209287100
5128.69	0.00216657900
5131.14	0.00213795000
5133.6	0.00208298400
5136.05	0.00211755300
5138.51	0.00206647600
5140.96	0.00213186100
5143.42	0.00209340500
5145.87	0.00204064400
5148.33	0.00206885900
5150.78	0.00207825900
5153.23	0.00211471600
5155.69	0.00205089100
5158.14	0.00200175700
5160.6	0.00204524500
5163.05	0.00204985700
5165.51	0.00210771800
5167.96	0.00210782500
5170.42	0.00207968900
5172.87	0.00204674000
5175.33	0.00211011600
5177.78	0.00212703000
5180.24	0.00202876000
5182.69	0.00202669400
5185.14	0.00196969000
5187.6	0.00207372000
5190.05	0.00209649100
5192.51	0.00201233900
5194.96	0.00202946900
5197.42	0.00205318100
5199.87	0.00208233900
5202.33	0.00206160300
5204.78	0.00201735100
5207.24	0.00201364900
5209.69	0.00202379200
5212.14	0.00207619000
5214.6	0.00201268200
5217.05	0.00195808600
5219.51	0.00202386800
5221.96	0.00202179700
5224.42	0.00209449300
5226.87	0.00206807500
5229.33	0.00201920300
5231.78	0.00202884400
5234.24	0.00197791800
5236.69	0.00206263700
5239.15	0.00206068500
5241.6	0.00201861700
5244.05	0.00202530100
5246.51	0.00201393100
5248.96	0.00207943800
5251.42	0.00203269600
5253.87	0.00204176500
5256.33	0.00199166000
5258.78	0.00200570900
5261.24	0.00206511900
5263.69	0.00200322000
5266.15	0.00202628000
5268.6	0.00200021500
5271.06	0.00202974600
5273.51	0.00210182800
5275.96	0.00201183000
5278.42	0.00199869500
5280.87	0.00201427100
5283.33	0.00201019600
5285.78	0.00208712900
5288.24	0.00199201800
5290.69	0.00203145100
5293.15	0.00202082300
5295.6	0.00201025200
5298.06	0.00204264800
5300.51	0.00198156500
5302.97	0.00201179700
5305.42	0.00198373900
5307.87	0.00202489400
5310.33	0.00202402700
5312.78	0.00193666000
5315.24	0.00199892000
5317.69	0.00197445700
5320.15	0.00201585000
5322.6	0.00201711300
5325.06	0.00196560700
5327.51	0.00198044100
5329.97	0.00196682100
5332.42	0.00201822600
5334.88	0.00202678400
5337.33	0.00198554300
5339.78	0.00199745700
5342.24	0.00200022700
5344.69	0.00200464600
5347.15	0.00198761400
5349.6	0.00198673300
5352.06	0.00204894900
5354.51	0.00203650500
5356.97	0.00202496400
5359.42	0.00197795800
5361.88	0.00203658800
5364.33	0.00200358100
5366.79	0.00198307200
5369.24	0.00201835500
5371.69	0.00199950500
5374.15	0.00200351900
5376.6	0.00201717200
5379.06	0.00206791500
5381.51	0.00205372200
5383.97	0.00198563800
5386.42	0.00201538300
5388.88	0.00199337100
5391.33	0.00201788200
5393.79	0.00200071400
5396.24	0.00197263900
5398.7	0.00195448800
5401.15	0.00199321400
5403.6	0.00201178600
5406.06	0.00205616000
5408.51	0.00197398500
5410.97	0.00201025300
5413.42	0.00204445800
5415.88	0.00204103300
5418.33	0.00207157800
5420.79	0.00199288500
5423.24	0.00199688500
5425.7	0.00199900900
5428.15	0.00205262300
5430.61	0.00204261400
5433.06	0.00198613900
5435.51	0.00202619400
5437.97	0.00202916400
5440.42	0.00204370900
5442.88	0.00200888100
5445.33	0.00201184500
5447.79	0.00206311600
5450.24	0.00204285100
5452.7	0.00207663300
5455.15	0.00203410600
5457.61	0.00199949100
5460.06	0.00206100900
5462.52	0.00205107400
5464.97	0.00208450900
5467.42	0.00204911200
5469.88	0.00203278400
5472.33	0.00202861300
5474.79	0.00203763100
5477.24	0.00207696700
5479.7	0.00200568200
5482.15	0.00203081200
5484.61	0.00208596300
5487.06	0.00211509600
5489.52	0.00210252900
5491.97	0.00207287500
5494.43	0.00208081600
5496.88	0.00211822200
5499.33	0.00209489900
5501.79	0.00209114700
5504.24	0.00206402500
5506.7	0.00207514200
5509.15	0.00208970700
5511.61	0.00212440300
5514.06	0.00209986100
5516.52	0.00204013700
5518.97	0.00209173000
5521.43	0.00209440800
5523.88	0.00213010700
5526.33	0.00213423300
5528.79	0.00211822400
5531.24	0.00213473900
5533.7	0.00212674700
5536.15	0.00211963000
5538.61	0.00214203100
5541.06	0.00210941200
5543.52	0.00216092900
5545.97	0.00216354300
5548.43	0.00216657000
5550.88	0.00215048900
5553.34	0.00213000300
5555.79	0.00215169000
5558.24	0.00212618300
5560.7	0.00218544800
5563.15	0.00218404900
5565.61	0.00215379300
5568.06	0.00217514300
5570.52	0.00216693700
5572.97	0.00217471100
5575.43	0.00219030000
5577.88	0.00219361400
5580.34	0.00219343500
5582.79	0.00219716800
5585.25	0.00223056100
5587.7	0.00220498300
5590.15	0.00220648700
5592.61	0.00225101000
5595.06	0.00224281300
5597.52	0.00225090400
5599.97	0.00223270200
5602.43	0.00224034400
5604.88	0.00224400400
5607.34	0.00230396900
5609.79	0.00229946000
5612.25	0.00224762000
5614.7	0.00223980500
5617.16	0.00224533300
5619.61	0.00227884700
5622.06	0.00224351000
5624.52	0.00226005400
5626.97	0.00229479100
5629.43	0.00230099400
5631.88	0.00231395800
5634.34	0.00233267900
5636.79	0.00227244600
5639.25	0.00229292000
5641.7	0.00229860700
5644.16	0.00231959300
5646.61	0.00235015500
5649.07	0.00230485500
5651.52	0.00232208900
5653.97	0.00235805200
5656.43	0.00233567800
5658.88	0.00234676900
5661.34	0.00236371500
5663.79	0.00239552300
5666.25	0.00236587800
5668.7	0.00238561500
5671.16	0.00238375800
5673.61	0.00240481200
5676.07	0.00245056300
5678.52	0.00240820700
5680.98	0.00242328700
5683.43	0.00241934400
5685.88	0.00242273700
5688.34	0.00246305700
5690.79	0.00242357600
5693.25	0.00248513000
5695.7	0.00248547200
5698.16	0.00246540800
5700.61	0.00249550300
5703.07	0.00247934800
5705.52	0.00248518500
5707.98	0.00247561300
5710.43	0.00248686500
5712.89	0.00254985600
5715.34	0.00253533100
5717.79	0.00256624700
5720.25	0.00255527600
5722.7	0.00254402400
5725.16	0.00252135200
5727.61	0.00253987500
5730.07	0.00262719800
5732.52	0.00259805900
5734.98	0.00259068600
5737.43	0.00260868100
5739.89	0.00261533300
5742.34	0.00264986800
5744.8	0.00261668800
5747.25	0.00264153000
5749.7	0.00267805700
5752.16	0.00271457600
5754.61	0.00271224600
5757.07	0.00269739500
5759.52	0.00270290100
5761.98	0.00270093800
5764.43	0.00271598200
5766.89	0.00276124700
5769.34	0.00275477100
5771.8	0.00278429300
5774.25	0.00279699700
5776.71	0.00280800800
5779.16	0.00282843800
5781.61	0.00277971100
5784.07	0.00282573700
5786.52	0.00283874400
5788.98	0.00286015700
5791.43	0.00292324500
5793.89	0.00286877000
5796.34	0.00285377700
5798.8	0.00291965000
5801.25	0.00293464400
5803.71	0.00295265900
5806.16	0.00292125900
5808.61	0.00294329300
5811.07	0.00298640200
5813.52	0.00304091400
5815.98	0.00302718300
5818.43	0.00301979900
5820.89	0.00305131600
5823.34	0.00304752200
5825.8	0.00306218100
5828.25	0.00308478600
5830.71	0.00308035200
5833.16	0.00314458800
5835.62	0.00315396000
5838.07	0.00317804400
5840.52	0.00316941800
5842.98	0.00316583300
5845.43	0.00318209800
5847.89	0.00318725100
5850.34	0.00320665000
5852.8	0.00327998600
5855.25	0.00324960900
5857.71	0.00329934500
5860.16	0.00332269200
5862.62	0.00333883000
5865.07	0.00337055700
5867.53	0.00332341000
5869.98	0.00335206200
5872.43	0.00338768900
5874.89	0.00345105300
5877.34	0.00347035800
5879.8	0.00342692100
5882.25	0.00343518200
5884.71	0.00351118300
5887.16	0.00355908900
5889.62	0.00348216800
5892.07	0.00346963600
5894.53	0.00346447500
5896.98	0.00347543500
5899.44	0.00355569800
5901.89	0.00357146900
5904.34	0.00361656600
5906.8	0.00371233000
5909.25	0.00371616400
5911.71	0.00376209400
5914.16	0.00379024700
5916.62	0.00381998500
5919.07	0.00384826600
5921.53	0.00382904400
5923.98	0.00384431500
5926.44	0.00387909000
5928.89	0.00395892600
5931.35	0.00398712700
5933.8	0.00399355300
5936.25	0.00401379200
5938.71	0.00405829900
5941.16	0.00408679300
5943.62	0.00414196400
5946.07	0.00417207400
5948.53	0.00424400100
5950.98	0.00420458500
5953.44	0.00422125400
5955.89	0.00427933500
5958.35	0.00437079900
5960.8	0.00440676400
5963.26	0.00442085500
5965.71	0.00450782000
5968.16	0.00448798000
5970.62	0.00458248000
5973.07	0.00466401300
5975.53	0.00465247800
5977.98	0.00480559400
5980.44	0.00493064000
5982.89	0.00499362600
5985.35	0.00507214300
5987.8	0.00520483500
5990.26	0.00544350600
5992.71	0.00563529800
5995.17	0.00589215000
5997.62	0.00609809000
6000.07	0.00645737000
6002.53	0.00685988900
6004.98	0.00730423800
6007.44	0.00794462200
6009.89	0.00868187300
6012.35	0.00942948400
6014.8	0.01039669000
6017.26	0.01146213000
6019.71	0.01274817000
6022.17	0.01411228000
6024.62	0.01565646000
6027.08	0.01751694000
6029.53	0.01964242000
6031.98	0.02181372000
6034.44	0.02440297000
6036.89	0.02728245000
6039.35	0.03044961000
6041.8	0.03397428000
6044.26	0.03771245000
6046.71	0.04180070000
6049.17	0.04633155000
6051.62	0.05127367000
6054.08	0.05637610000
6056.53	0.06211634000
6058.99	0.06837264000
6061.44	0.07474881000
6063.89	0.08138260000
6066.35	0.08822457000
6068.8	0.09566097000
6071.26	0.10375400000
6073.71	0.11196390000
6076.17	0.12060440000
6078.62	0.12946130000
6081.08	0.13870040000
6083.53	0.14846130000
6085.99	0.15829250000
6088.44	0.16809800000
6090.9	0.17855480000
6093.35	0.18917160000
6095.8	0.19988140000
6098.26	0.21077470000
6100.71	0.22182970000
6103.17	0.23310510000
6105.62	0.24433910000
6108.08	0.25597840000
6110.53	0.26779510000
6112.99	0.27969750000
6115.44	0.29143150000
6117.9	0.30344300000
6120.35	0.31538040000
6122.8	0.32708540000
6125.26	0.33856930000
6127.71	0.35090910000
6130.17	0.36249590000
6132.62	0.37402960000
6135.08	0.38554860000
6137.53	0.39708060000
6139.99	0.40880440000
6142.44	0.42047440000
6144.9	0.43217060000
6147.35	0.44387750000
6149.81	0.45415960000
6152.26	0.46552770000
6154.71	0.47715990000
6157.17	0.48817300000
6159.62	0.49794760000
6162.08	0.50789190000
6164.53	0.51826070000
6166.99	0.52871760000
6169.44	0.53899090000
6171.9	0.54911850000
6174.35	0.55859530000
6176.81	0.56867060000
6179.26	0.57812820000
6181.72	0.58685280000
6184.17	0.59591950000
6186.62	0.60498630000
6189.08	0.61433040000
6191.53	0.62285230000
6193.99	0.63124870000
6196.44	0.63953050000
6198.9	0.64698960000
6201.35	0.65448950000
6203.81	0.66292520000
6206.26	0.66970540000
6208.72	0.67795490000
6211.17	0.68505420000
6213.63	0.69294380000
6216.08	0.69958170000
6218.53	0.70604280000
6220.99	0.71243700000
6223.44	0.71892120000
6225.9	0.72540620000
6228.35	0.73119180000
6230.81	0.73580290000
6233.26	0.74265220000
6235.72	0.74868790000
6238.17	0.75395710000
6240.63	0.75953250000
6243.08	0.76496690000
6245.54	0.76902920000
6247.99	0.77428660000
6250.44	0.77881900000
6252.9	0.78359950000
6255.35	0.78935120000
6257.81	0.79334180000
6260.26	0.79705380000
6262.72	0.80095080000
6265.17	0.80492850000
6267.63	0.80794310000
6270.08	0.81312730000
6272.54	0.81692520000
6274.99	0.82038660000
6277.45	0.82384920000
6279.9	0.82806270000
6282.35	0.83146760000
6284.81	0.83451000000
6287.26	0.83774150000
6289.72	0.84092830000
6292.17	0.84402260000
6294.63	0.84816120000
6297.08	0.85140880000
6299.54	0.85437610000
6301.99	0.85697890000
6304.45	0.85990630000
6306.9	0.86159750000
6309.36	0.86524880000
6311.81	0.86814650000
6314.26	0.87047630000
6316.72	0.87267420000
6319.17	0.87549110000
6321.63	0.87777730000
6324.08	0.87982430000
6326.54	0.88239340000
6328.99	0.88523810000
6331.45	0.88792860000
6333.9	0.88877440000
6336.36	0.89069870000
6338.81	0.89435400000
6341.27	0.89626050000
6343.72	0.89670530000
6346.17	0.89965840000
6348.63	0.90154390000
6351.08	0.90337870000
6353.54	0.90585380000
6355.99	0.90675010000
6358.45	0.90834150000
6360.9	0.91006930000
6363.36	0.91079560000
6365.81	0.91191550000
6368.27	0.91393010000
6370.72	0.91477020000
6373.18	0.91640750000
6375.63	0.91678310000
6378.08	0.91827940000
6380.54	0.92072240000
6382.99	0.92154700000
6385.45	0.92222110000
6387.9	0.92302420000
6390.36	0.92340180000
6392.81	0.92394440000
6395.27	0.92422850000
6397.72	0.92384300000
6400.18	0.92560570000
6402.63	0.92594110000
6405.08	0.92718420000
6407.54	0.92749010000
6409.99	0.92767770000
6412.45	0.92854130000
6414.9	0.93100800000
6417.36	0.93054270000
6419.81	0.93031040000
6422.27	0.93074740000
6424.72	0.93148440000
6427.18	0.93045030000
6429.63	0.93031870000
6432.09	0.93113180000
6434.54	0.93262530000
6436.99	0.93260560000
6439.45	0.93367550000
6441.9	0.93431400000
6444.36	0.93418960000
6446.81	0.93370830000
6449.27	0.93306340000
6451.72	0.93358280000
6454.18	0.93415560000
6456.63	0.93548370000
6459.09	0.93631430000
6461.54	0.93472340000
6464	0.93517020000
6466.45	0.93612640000
6468.9	0.93680750000
6471.36	0.93752250000
6473.81	0.93851770000
6476.27	0.93805680000
6478.72	0.93795570000
6481.18	0.94021910000
6483.63	0.94039390000
6486.09	0.93884850000
6488.54	0.93927410000
6491	0.94069410000
6493.45	0.94113370000
6495.91	0.94198390000
6498.36	0.94226600000
6500.81	0.94153460000
6503.27	0.94355510000
6505.72	0.94409250000
6508.18	0.94410590000
6510.63	0.94512060000
6513.09	0.94440060000
6515.54	0.94476910000
6518	0.94551840000
6520.45	0.94631340000
6522.91	0.94703790000
6525.36	0.94641410000
6527.82	0.94758430000
6530.27	0.94836240000
6532.72	0.94710860000
6535.18	0.94695580000
6537.63	0.94855450000
6540.09	0.94821080000
6542.54	0.94809310000
6545	0.94931480000
6547.45	0.94881640000
6549.91	0.94855180000
6552.36	0.94817080000
6554.82	0.94923560000
6557.27	0.95001620000
6559.73	0.94914040000
6562.18	0.95052170000
6564.63	0.95039920000
6567.09	0.95021060000
6569.54	0.95161280000
6572	0.95102540000
6574.45	0.95119610000
6576.91	0.95162670000
6579.36	0.95116180000
6581.82	0.95154550000
6584.27	0.95161710000
6586.73	0.95168320000
6589.18	0.95212250000
6591.64	0.95204970000
6594.09	0.95140930000
6596.54	0.95150270000
6599	0.95244660000
6601.45	0.95193390000
6603.91	0.95178100000
6606.36	0.95256600000
6608.82	0.95255080000
6611.27	0.95156970000
6613.73	0.95234700000
6616.18	0.95318740000
6618.64	0.95248800000
6621.09	0.95387460000
6623.55	0.95504090000
6626	0.95480360000
6628.45	0.95454340000
6630.91	0.95332690000
6633.36	0.95340220000
6635.82	0.95468030000
6638.27	0.95538700000
6640.73	0.95389260000
6643.18	0.95386330000
6645.64	0.95613510000
6648.09	0.95573690000
6650.55	0.95501490000
6653	0.95425430000
6655.46	0.95340310000
6657.91	0.95468480000
6660.36	0.95551030000
6662.82	0.95433500000
6665.27	0.95473800000
6667.73	0.95537750000
6670.18	0.95465140000
6672.64	0.95492790000
6675.09	0.95450840000
6677.55	0.95367700000
6680	0.95343420000
6682.46	0.95426110000
6684.91	0.95466610000
6687.36	0.95379610000
6689.82	0.95239940000
6692.27	0.95196880000
6694.73	0.95144120000
6697.18	0.95067120000
6699.64	0.95105520000
6702.09	0.95032580000
6704.55	0.94920300000
6707	0.94541370000
6709.46	0.94163660000
6711.91	0.94845440000
6714.37	0.95540120000
6716.82	0.95132420000
6719.27	0.94695260000
6721.73	0.94566000000
6724.18	0.94548560000
6726.64	0.94435210000
6729.09	0.94436160000
6731.55	0.94376240000
6734	0.94184630000
6736.46	0.94167410000
6738.91	0.94160820000
6741.37	0.94077470000
6743.82	0.94182010000
6746.28	0.94081340000
6748.73	0.93976200000
6751.18	0.94010140000
6753.64	0.93910040000
6756.09	0.93763070000
6758.55	0.93747520000
6761	0.93795200000
6763.46	0.93775860000
6765.91	0.93631820000
6768.37	0.93586860000
6770.82	0.93600430000
6773.28	0.93676960000
6775.73	0.93710320000
6778.19	0.93698470000
6780.64	0.93720560000
6783.09	0.93651470000
6785.55	0.93752700000
6788	0.93663950000
6790.46	0.93540690000
6792.91	0.93743450000
6795.37	0.93895950000
6797.82	0.93919210000
6800.28	0.93941000000
6802.73	0.93941020000
6805.19	0.93979700000
6807.64	0.94044340000
6810.1	0.94165620000
6812.55	0.94148830000
6815	0.94193740000
6817.46	0.94319830000
6819.91	0.94406680000
6822.37	0.94444260000
6824.82	0.94589770000
6827.28	0.94742580000
6829.73	0.94792670000
6832.19	0.94838270000
6834.64	0.94884100000
6837.1	0.94871190000
6839.55	0.94877340000
6842.01	0.95098420000
6844.46	0.95161110000
6846.91	0.95122630000
6849.37	0.95151300000
6851.82	0.95317970000
6854.28	0.95478870000
6856.73	0.95432360000
6859.19	0.95419230000
6861.64	0.95496480000
6864.1	0.95626730000
6866.55	0.95628700000
6869.01	0.95761020000
6871.46	0.95892330000
6873.92	0.95617060000
6876.37	0.95499180000
6878.82	0.95579950000
6881.28	0.95594280000
6883.73	0.95703010000
6886.19	0.95721720000
6888.64	0.95689150000
6891.1	0.95674750000
6893.55	0.95613420000
6896.01	0.95614340000
6898.46	0.95400860000
6900.92	0.95344540000
6903.37	0.95355610000
6905.83	0.95299390000
6908.28	0.95235930000
6910.73	0.95127170000
6913.19	0.95124730000
6915.64	0.95008850000
6918.1	0.94816760000
6920.55	0.94783350000
6923.01	0.94742200000
6925.46	0.94587360000
6927.92	0.94619260000
6930.37	0.94537110000
6932.83	0.94434760000
6935.28	0.94341600000
6937.74	0.94232270000
6940.19	0.94178750000
6942.64	0.93981400000
6945.1	0.93886020000
6947.55	0.93886570000
6950.01	0.93878930000
6952.46	0.93777450000
6954.92	0.93752360000
6957.37	0.93671750000
6959.83	0.93548100000
6962.28	0.93529370000
6964.74	0.93400140000
6967.19	0.93342160000
6969.65	0.93424050000
6972.1	0.93356950000
6974.55	0.93308480000
6977.01	0.93160550000
6979.46	0.93208930000
6981.92	0.93290330000
6984.37	0.93325540000
6986.83	0.93219730000
6989.28	0.93220540000
6991.74	0.93327920000
6994.19	0.93272970000
6996.65	0.93292830000
6999.1	0.93383620000
7001.55	0.93410710000
7004.01	0.93340330000
7006.46	0.93331770000
7008.92	0.93428150000
7011.37	0.93587460000
7013.83	0.93611970000
7016.28	0.93687340000
7018.74	0.93686810000
7021.19	0.93713810000
7023.65	0.93876080000
7026.1	0.93922120000
7028.56	0.94021770000
7031.01	0.94100530000
7033.46	0.94071320000
7035.92	0.94214810000
7038.37	0.94258700000
7040.83	0.94257600000
7043.28	0.94346890000
7045.74	0.94397840000
7048.19	0.94515330000
7050.65	0.94623580000
7053.1	0.94723050000
7055.56	0.94725730000
7058.01	0.94809790000
7060.47	0.94899380000
7062.92	0.94953680000
7065.37	0.94960190000
7067.83	0.94953390000
7070.28	0.94973360000
7072.74	0.94968750000
7075.19	0.95078460000
7077.65	0.95106690000
7080.1	0.95161610000
7082.56	0.95202540000
7085.01	0.95180960000
7087.47	0.95143370000
7089.92	0.95127210000
7092.38	0.95185550000
7094.83	0.95172480000
7097.28	0.95151170000
7099.74	0.95171020000
7102.19	0.95350040000
7104.65	0.95094520000
7107.1	0.95118510000
7109.56	0.95252350000
7112.01	0.95122530000
7114.47	0.95053680000
7116.92	0.95192220000
7119.38	0.95168980000
7121.83	0.95140970000
7124.29	0.95080860000
7126.74	0.95149380000
7129.19	0.94996600000
7131.65	0.95022670000
7134.1	0.94908850000
7136.56	0.95088460000
7139.01	0.94986410000
7141.47	0.94935260000
7143.92	0.95018290000
7146.38	0.94811830000
7148.83	0.94745450000
7151.29	0.94779030000
7153.74	0.94726230000
7156.2	0.94703740000
7158.65	0.94735190000
7161.1	0.94809760000
7163.56	0.94745510000
7166.01	0.94603000000
7168.47	0.94672550000
7170.92	0.94662410000
7173.38	0.94759450000
7175.83	0.94619460000
7178.29	0.94731720000
7180.74	0.94738780000
7183.2	0.94682660000
7185.65	0.94686610000
7188.11	0.94470570000
7190.56	0.94608060000
7193.01	0.94555560000
7195.47	0.94508670000
7197.92	0.94492530000
7200.38	0.94655600000
7202.83	0.94755390000
7205.29	0.94674280000
7207.74	0.94472320000
7210.2	0.94337780000
7212.65	0.94451860000
7215.11	0.94569180000
7217.56	0.94427690000
7220.02	0.94454440000
7222.47	0.94383510000
7224.92	0.94439760000
7227.38	0.94409800000
7229.83	0.94293820000
7232.29	0.94309220000
7234.74	0.94372480000
7237.2	0.94275520000
7239.65	0.94114280000
7242.11	0.94178470000
7244.56	0.94085040000
7247.02	0.93948390000
7249.47	0.93998280000
7251.93	0.93817960000
7254.38	0.93934200000
7256.83	0.93998620000
7259.29	0.93766020000
7261.74	0.93630350000
7264.2	0.93595070000
7266.65	0.93547170000
7269.11	0.93426290000
7271.56	0.93239700000
7274.02	0.93319290000
7276.47	0.93242850000
7278.93	0.93120970000
7281.38	0.92864900000
7283.83	0.92685150000
7286.29	0.92654180000
7288.74	0.92547070000
7291.2	0.92504050000
7293.65	0.92241110000
7296.11	0.91957530000
7298.56	0.91919550000
7301.02	0.91645570000
7303.47	0.91564960000
7305.93	0.91537260000
7308.38	0.91271630000
7310.84	0.91018750000
7313.29	0.90786870000
7315.74	0.90559180000
7318.2	0.90362610000
7320.65	0.90094570000
7323.11	0.89913740000
7325.56	0.89627320000
7328.02	0.89332640000
7330.47	0.89160040000
7332.93	0.88994380000
7335.38	0.88773470000
7337.84	0.88566540000
7340.29	0.88257420000
7342.75	0.88088380000
7345.2	0.87939780000
7347.65	0.87915030000
7350.11	0.87947110000
7352.56	0.87745080000
7355.02	0.87572130000
7357.47	0.87561970000
7359.93	0.87681510000
7362.38	0.87668270000
7364.84	0.87744880000
7367.29	0.87869200000
7369.75	0.87867430000
7372.2	0.87980550000
7374.66	0.88081930000
7377.11	0.88152710000
7379.56	0.88043540000
7382.02	0.88098860000
7384.47	0.88044170000
7386.93	0.87689090000
7389.38	0.87292300000
7391.84	0.86684290000
7394.29	0.85877100000
7396.75	0.84670220000
7399.2	0.83167990000
7401.66	0.81323590000
7404.11	0.79184750000
7406.57	0.76559050000
7409.02	0.73614600000
7411.47	0.70244150000
7413.93	0.66463170000
7416.38	0.62442900000
7418.84	0.58322610000
7421.29	0.53828500000
7423.75	0.49374540000
7426.2	0.45010270000
7428.66	0.40740310000
7431.11	0.36688090000
7433.57	0.32889850000
7436.02	0.29429180000
7438.48	0.26252480000
7440.93	0.23363960000
7443.38	0.20750040000
7445.84	0.18424910000
7448.29	0.16344050000
7450.75	0.14569150000
7453.2	0.13040960000
7455.66	0.11638120000
7458.11	0.10443840000
7460.57	0.09418030000
7463.02	0.08523253000
7465.48	0.07714121000
7467.93	0.07011309000
7470.39	0.06414381000
7472.84	0.05870576000
7475.29	0.05400285000
7477.75	0.04998122000
7480.2	0.04624715000
7482.66	0.04296836000
7485.11	0.04030031000
7487.57	0.03789746000
7490.02	0.03557187000
7492.48	0.03364909000
7494.93	0.03174815000
7497.39	0.03032108000
7499.84	0.02871063000
7502.3	0.02736623000
7504.75	0.02618166000
7507.2	0.02524976000
7509.66	0.02432009000
7512.11	0.02332788000
7514.57	0.02236410000
7517.02	0.02170663000
7519.48	0.02098841000
7521.93	0.02057503000
7524.39	0.02002260000
7526.84	0.01919033000
7529.3	0.01874079000
7531.75	0.01826879000
7534.21	0.01790259000
7536.66	0.01754762000
7539.11	0.01703898000
7541.57	0.01674401000
7544.02	0.01636799000
7546.48	0.01609575000
7548.93	0.01579819000
7551.39	0.01547884000
7553.84	0.01529891000
7556.3	0.01493879000
7558.75	0.01486063000
7561.21	0.01458424000
7563.66	0.01424739000
7566.12	0.01408013000
7568.57	0.01389514000
7571.02	0.01375918000
7573.48	0.01341960000
7575.93	0.01315598000
7578.39	0.01312986000
7580.84	0.01284501000
7583.3	0.01276770000
7585.75	0.01253941000
7588.21	0.01243364000
7590.66	0.01233835000
7593.12	0.01223383000
7595.57	0.01225543000
7598.02	0.01225970000
7600.48	0.01216134000
7602.93	0.01235723000
7605.39	0.01235639000
7607.84	0.01222752000
7610.3	0.01212133000
7612.75	0.01187341000
7615.21	0.01161997000
7617.66	0.01135821000
7620.12	0.01126820000
7622.57	0.01106456000
7625.03	0.01107508000
7627.48	0.01114810000
7629.93	0.01090879000
7632.39	0.01090918000
7634.84	0.01089512000
7637.3	0.01071957000
7639.75	0.01066581000
7642.21	0.01069881000
7644.66	0.01074560000
7647.12	0.01056705000
7649.57	0.01023873000
7652.03	0.01012657000
7654.48	0.01012015000
7656.94	0.01010692000
7659.39	0.00995710600
7661.84	0.00980219200
7664.3	0.00977063400
7666.75	0.00965056200
7669.21	0.00968653400
7671.66	0.00973496800
7674.12	0.00952613000
7676.57	0.00933492800
7679.03	0.00931212000
7681.48	0.00939016500
7683.94	0.00944169400
7686.39	0.00928354300
7688.85	0.00911888200
7691.3	0.00906227500
7693.75	0.00907043000
7696.21	0.00921091000
7698.66	0.00905900400
7701.12	0.00890393700
7703.57	0.00882787600
7706.03	0.00885794000
7708.48	0.00892276700
7710.94	0.00888876300
7713.39	0.00888973200
7715.85	0.00880453400
7718.3	0.00871129200
7720.76	0.00881417800
7723.21	0.00858943400
7725.66	0.00859992600
7728.12	0.00852199300
7730.57	0.00848877500
7733.03	0.00859462200
7735.48	0.00844201400
7737.94	0.00850137800
7740.39	0.00850722500
7742.85	0.00836077700
7745.3	0.00845286300
7747.76	0.00839175800
7750.21	0.00843192400
7752.67	0.00833796200
7755.12	0.00829295200
7757.57	0.00841101000
7760.03	0.00834842200
7762.48	0.00825753300
7764.94	0.00834562100
7767.39	0.00821092800
7769.85	0.00833544000
7772.3	0.00833704900
7774.76	0.00820793300
7777.21	0.00808946800
7779.67	0.00797972700
7782.12	0.00808462400
7784.58	0.00806917400
7787.03	0.00813345900
7789.48	0.00809939100
7791.94	0.00810030500
7794.39	0.00808795800
7796.85	0.00805389700
7799.3	0.00800715600
7801.76	0.00797160000
7804.21	0.00795329700
7806.67	0.00815428700
7809.12	0.00810937400
7811.58	0.00792055000
7814.03	0.00797188500
7816.49	0.00792533200
7818.94	0.00809094300
7821.39	0.00790744000
7823.85	0.00794727500
7826.3	0.00797649100
7828.76	0.00784040800
7831.21	0.00791549300
7833.67	0.00790378200
7836.12	0.00785312000
7838.58	0.00768339800
7841.03	0.00773802500
7843.49	0.00786676700
7845.94	0.00786126000
7848.4	0.00776321000
7850.85	0.00775946600
7853.3	0.00776804400
7855.76	0.00791711400
7858.21	0.00788219000
7860.67	0.00769035300
7863.12	0.00775458000
7865.58	0.00771016100
7868.03	0.00777958600
7870.49	0.00776960500
7872.94	0.00768454900
7875.4	0.00764448400
7877.85	0.00762499700
7880.3	0.00778585400
7882.76	0.00778557200
7885.21	0.00766483100
7887.67	0.00764207200
7890.12	0.00768205100
7892.58	0.00774822200
7895.03	0.00775918700
7897.49	0.00771418400
7899.94	0.00769918000
7902.4	0.00766073400
7904.85	0.00765007500
7907.31	0.00775901100
7909.76	0.00776034000
7912.21	0.00780223800
7914.67	0.00776486000
7917.12	0.00772357100
7919.58	0.00792376600
7922.03	0.00774837500
7924.49	0.00768923600
7926.94	0.00767460000
7929.4	0.00759674200
7931.85	0.00778209000
7934.31	0.00776751800
7936.76	0.00780946400
7939.22	0.00778927400
7941.67	0.00763228100
7944.12	0.00782274500
7946.58	0.00773374700
7949.03	0.00775112600
7951.49	0.00767708000
7953.94	0.00750485900
7956.4	0.00778713400
7958.85	0.00768016000
7961.31	0.00749241900
7963.76	0.00766137000
7966.22	0.00766454200
7968.67	0.00769946000
7971.13	0.00765156700
7973.58	0.00746448900
7976.03	0.00757591200
7978.49	0.00744904000
7980.94	0.00763536100
7983.4	0.00748803300
7985.85	0.00743699600
7988.31	0.00768945500
7990.76	0.00766001200
7993.22	0.00792302800
7995.67	0.00773551800
7998.13	0.00761789500
8000.58	0.00761606000
8003.04	0.00762784400
8005.49	0.00774329300
8007.94	0.00762810400
8010.4	0.00768157400
8012.85	0.00766560100
8015.31	0.00768603400
8017.76	0.00769476200
8020.22	0.00762268100
8022.67	0.00773051400
8025.13	0.00772589100
8027.58	0.00754117100
8030.04	0.00786760100
8032.49	0.00771679900
8034.95	0.00769168200
8037.4	0.00778979800
8039.85	0.00767278800
8042.31	0.00780407600
8044.76	0.00774354600
8047.22	0.00767325700
8049.67	0.00764157100
8052.13	0.00742293400
8054.58	0.00777223800
8057.04	0.00786868300
8059.49	0.00767266100
8061.95	0.00772728400
8064.4	0.00759301600
8066.86	0.00764674400
8069.31	0.00775369000
8071.76	0.00768097600
8074.22	0.00778703500
8076.67	0.00769735900
8079.13	0.00782097900
8081.58	0.00781032000
8084.04	0.00757729700
8086.49	0.00772898900
8088.95	0.00765902500
8091.4	0.00780160700
8093.86	0.00786203000
8096.31	0.00772471900
8098.77	0.00773949800
8101.22	0.00761335200
8103.67	0.00769418600
8106.13	0.00776155000
8108.58	0.00769821200
8111.04	0.00780615900
8113.49	0.00784733600
8115.95	0.00792066400
8118.4	0.00783351900
8120.86	0.00780423900
8123.31	0.00783842200
8125.77	0.00760224000
8128.22	0.00779271800
8130.68	0.00792694700
8133.13	0.00775675100
8135.58	0.00773687100
8138.04	0.00778885000
8140.49	0.00784118000
8142.95	0.00799754500
8145.4	0.00783133900
8147.86	0.00777812600
8150.31	0.00768167400
8152.77	0.00772739200
8155.22	0.00788101600
8157.68	0.00792631500
8160.13	0.00802308300
8162.59	0.00783514300
8165.04	0.00758169400
8167.49	0.00790379000
8169.95	0.00770745800
8172.4	0.00773941000
8174.86	0.00773182800
8177.31	0.00787754900
8179.77	0.00796563400
8182.22	0.00792676800
8184.68	0.00796986700
8187.13	0.00779348800
8189.59	0.00783595600
8192.04	0.00812450200
8194.49	0.00803269100
8196.95	0.00791597200
8199.4	0.00782582100
8201.86	0.00786240500
8204.31	0.00808589700
8206.77	0.00791369700
8209.22	0.00783038800
8211.68	0.00770762600
8214.13	0.00760622200
8216.59	0.00785729700
8219.04	0.00784489900
8221.5	0.00782773400
8223.95	0.00777943800
8226.4	0.00786339700
8228.86	0.00799575300
8231.31	0.00800056800
8233.77	0.00777682000
8236.22	0.00781278500
8238.68	0.00773070600
8241.13	0.00786790300
8243.59	0.00773948800
8246.04	0.00771561500
8248.5	0.00794812800
8250.95	0.00784466300
8253.41	0.00793048400
8255.86	0.00785135000
8258.31	0.00772012300
8260.77	0.00764501500
8263.22	0.00761081400
8265.68	0.00769903900
8268.13	0.00782431800
8270.59	0.00776536600
8273.04	0.00771271000
8275.5	0.00762120300
8277.95	0.00785671200
8280.41	0.00789048200
8282.86	0.00785838600
8285.32	0.00776278600
8287.77	0.00760022600
8290.22	0.00779153700
8292.68	0.00782636600
8295.13	0.00767880000
8297.59	0.00766669300
8300.04	0.00767928300
8302.5	0.00779977600
8304.95	0.00783520500
8307.41	0.00761919300
8309.86	0.00764613200
8312.32	0.00769336300
8314.77	0.00764463700
8317.23	0.00764701200
8319.68	0.00765407300
8322.13	0.00773291800
8324.59	0.00761601500
8327.04	0.00776487400
8329.5	0.00776587800
8331.95	0.00747213000
8334.41	0.00753198100
8336.86	0.00753069000
8339.32	0.00778185700
8341.77	0.00809703400
8344.23	0.00770372300
8346.68	0.00757329200
8349.14	0.00771927200
8351.59	0.00757686400
8354.04	0.00774098900
8356.5	0.00789953000
8358.95	0.00784726600
8361.41	0.00774634200
8363.86	0.00793596600
8366.32	0.00798843200
8368.77	0.00774511800
8371.23	0.00763101900
8373.68	0.00765267200
8376.14	0.00765727200
8378.59	0.00778481200
8381.05	0.00773108300
8383.5	0.00770599800
8385.95	0.00771691500
8388.41	0.00761634200
8390.86	0.00789660000
8393.32	0.00787527200
8395.77	0.00768686600
8398.23	0.00777998800
8400.68	0.00775695400
8403.14	0.00796547400
8405.59	0.00774984700
8408.05	0.00776447100
8410.5	0.00780244200
8412.96	0.00770639200
8415.41	0.00784202000
8417.86	0.00776643500
8420.32	0.00785147200
8422.77	0.00778386000
8425.23	0.00753161100
8427.68	0.00771983300
8430.14	0.00766487700
8432.59	0.00768937000
8435.05	0.00768153100
8437.5	0.00763906400
8439.96	0.00778622500
8442.41	0.00790831300
8444.87	0.00771813600
8447.32	0.00746441400
8449.77	0.00751020600
8452.23	0.00803258100
8454.68	0.00777509300
8457.14	0.00777653500
8459.59	0.00785924600
8462.05	0.00756671600
8464.5	0.00772345800
8466.96	0.00769761100
8469.41	0.00765783500
8471.87	0.00768261000
8474.32	0.00747302900
8476.77	0.00766602700
8479.23	0.00772177000
8481.68	0.00750041200
8484.14	0.00756914000
8486.59	0.00763784300
8489.05	0.00776376100
8491.5	0.00776761200
8493.96	0.00752903000
8496.41	0.00758887500
8498.87	0.00755790200
8501.32	0.00761907500
8503.78	0.00767963700
8506.23	0.00739049800
8508.68	0.00749747800
8511.14	0.00757709400
8513.59	0.00765998200
8516.05	0.00767122300
8518.5	0.00744829800
8520.96	0.00762061500
8523.41	0.00760285000
8525.87	0.00765249500
8528.32	0.00768354300
8530.78	0.00755627800
8533.23	0.00742167900
8535.69	0.00728132000
8538.14	0.00734538100
8540.59	0.00753426200
8543.05	0.00726160900
8545.5	0.00726891200
8547.96	0.00712782800
8550.41	0.00728012500
8552.87	0.00763792700
8555.32	0.00739797600
8557.78	0.00741885000
8560.23	0.00735201400
8562.69	0.00727696800
8565.14	0.00750883100
8567.6	0.00738099200
8570.05	0.00749133200
8572.5	0.00715913700
8574.96	0.00730803500
8577.41	0.00764906500
8579.87	0.00754243100
8582.32	0.00742020700
8584.78	0.00747931800
8587.23	0.00755237900
8589.69	0.00762971900
8592.14	0.00756599900
8594.6	0.00769201000
8597.05	0.00747734200
8599.51	0.00739506800
8601.96	0.00756118400
8604.41	0.00761409900
8606.87	0.00753705600
8609.32	0.00743229600
8611.78	0.00726745800
8614.23	0.00750284700
8616.69	0.00748196800
8619.14	0.00757785400
8621.6	0.00743066000
8624.05	0.00722817000
8626.51	0.00744180800
8628.96	0.00733125700
8631.42	0.00726342200
8633.87	0.00751968400
8636.32	0.00737767900
8638.78	0.00756070900
8641.23	0.00758817200
8643.69	0.00763512600
8646.14	0.00751988600
8648.6	0.00716507900
8651.05	0.00762445900
8653.51	0.00776307900
8655.96	0.00757002000
8658.42	0.00738666200
8660.87	0.00732026200
8663.33	0.00761327200
8665.78	0.00780557700
8668.23	0.00754745900
8670.69	0.00745769300
8673.14	0.00735807700
8675.6	0.00746252300
8678.05	0.00762233700
8680.51	0.00751384200
8682.96	0.00754914500
8685.42	0.00754652100
8687.87	0.00769754200
8690.33	0.00796199200
8692.78	0.00766543600
8695.24	0.00752603300
8697.69	0.00752741700
8700.14	0.00755429500
8702.6	0.00787819200
8705.05	0.00745134400
8707.51	0.00726835500
8709.96	0.00740711100
8712.42	0.00761368700
8714.87	0.00802588600
8717.33	0.00773027600
8719.78	0.00778464400
8722.24	0.00786364100
8724.69	0.00776431100
8727.15	0.00779699600
8729.6	0.00787733000
8732.05	0.00766836900
8734.51	0.00751771400
8736.96	0.00742715200
8739.42	0.00766206000
8741.87	0.00762672500
8744.33	0.00761729200
8746.78	0.00761458400
8749.24	0.00765393800
8751.69	0.00801154700
8754.15	0.00776860200
8756.6	0.00791293600
8759.05	0.00770868400
8761.51	0.00761327300
8763.96	0.00779729000
8766.42	0.00761694100
8768.87	0.00762102600
8771.33	0.00789225200
8773.78	0.00759295900
8776.24	0.00751650200
8778.69	0.00760550800
8781.15	0.00776902600
8783.6	0.00753518000
8786.06	0.00752449300
8788.51	0.00793885700
8790.96	0.00762446000
8793.42	0.00770524500
8795.87	0.00769157900
8798.33	0.00753643400
8800.78	0.00776140700
8803.24	0.00756021300
8805.69	0.00749240600
8808.15	0.00753550700
8810.6	0.00736300100
8813.06	0.00761165000
8815.51	0.00773481800
8817.97	0.00762932200
8820.42	0.00772155400
8822.87	0.00770036800
8825.33	0.00783696900
8827.78	0.00794968500
8830.24	0.00789018300
8832.69	0.00776544500
8835.15	0.00746251900
8837.6	0.00785019800
8840.06	0.00791936200
8842.51	0.00775253900
8844.97	0.00760665500
8847.42	0.00740379900
8849.88	0.00769082300
8852.33	0.00784315800
8854.78	0.00750924500
8857.24	0.00765506300
8859.69	0.00755298200
8862.15	0.00759617200
8864.6	0.00787997400
8867.06	0.00771327400
8869.51	0.00747023700
8871.97	0.00748523700
8874.42	0.00770460400
8876.88	0.00794237600
8879.33	0.00801349400
8881.79	0.00781276400
8884.24	0.00767153300
8886.69	0.00779182200
8889.15	0.00800516500
8891.6	0.00801460000
8894.06	0.00795047200
8896.51	0.00764892500
8898.97	0.00769990600
8901.42	0.00806579900
8903.88	0.00781704100
8906.33	0.00771757200
8908.79	0.00784000800
8911.24	0.00779579200
8913.7	0.00782923800
8916.15	0.00782604500
8918.6	0.00793413800
8921.06	0.00799182200
8923.51	0.00779375200
8925.97	0.00808015900
8928.42	0.00792110200
8930.88	0.00788379600
8933.33	0.00808639800
8935.79	0.00787468700
8938.24	0.00809933900
8940.7	0.00784757600
8943.15	0.00811439400
8945.61	0.00811722600
8948.06	0.00796903100
8950.51	0.00816835900
8952.97	0.00809660000
8955.42	0.00815048700
8957.88	0.00816518200
8960.33	0.00812350600
8962.79	0.00840747300
8965.24	0.00816309900
8967.7	0.00812437400
8970.15	0.00820240000
8972.61	0.00809238000
8975.06	0.00842852700
8977.52	0.00802843100
8979.97	0.00841680600
8982.42	0.00823405700
8984.88	0.00796519000
8987.33	0.00851371700
8989.79	0.00852544600
8992.24	0.00834448400
8994.7	0.00835286600
8997.15	0.00827111200
8999.61	0.00864945100
9002.06	0.00845113600
9004.52	0.00844052900
9006.97	0.00859331800
9009.43	0.00850635900
9011.88	0.00888600500
9014.33	0.00901880800
9016.79	0.00871640200
9019.24	0.00838043500
9021.7	0.00837398900
9024.15	0.00904471100
9026.61	0.00892243300
9029.06	0.00856971200
9031.52	0.00887855800
9033.97	0.00860034800
9036.43	0.00869926300
9038.88	0.00892704100
9041.34	0.00878317300
9043.79	0.00909944300
9046.24	0.00892997300
9048.7	0.00897599200
9051.15	0.00908311000
9053.61	0.00866763200
9056.06	0.00874254700
9058.52	0.00893387900
9060.97	0.00917732300
9063.43	0.00938545400
9065.88	0.00910405200
9068.34	0.00913147200
9070.79	0.00909061500
9073.24	0.00915111300
9075.7	0.00935353200
9078.15	0.00900100200
9080.61	0.00915613400
9083.06	0.00909339700
9085.52	0.00939718400
9087.97	0.01006989000
9090.43	0.00951612600
9092.88	0.00941220500
9095.34	0.00962517800
9097.79	0.00940721900
9100.25	0.00964763500
9102.7	0.00999546200
9105.15	0.00973771100
9107.61	0.00957217600
9110.06	0.00963078700
9112.52	0.00977388600
9114.97	0.01000215000
9117.43	0.00972900400
9119.88	0.00981299800
9122.34	0.00990088600
9124.79	0.01030455000
9127.25	0.00993502500
9129.7	0.00971346100
9132.16	0.00962119600
9134.61	0.01003259000
9137.06	0.01077498000
9139.52	0.01031933000
9141.97	0.00994325300
9144.43	0.00975516600
9146.88	0.01021390000
9149.34	0.01041199000
9151.79	0.01061794000
9154.25	0.01072208000
9156.7	0.01057426000
9159.16	0.01030553000
9161.61	0.01057219000
9164.07	0.01053645000
9166.52	0.01066917000
9168.97	0.01061522000
9171.43	0.01030359000
9173.88	0.01088982000
9176.34	0.01077766000
9178.79	0.01092435000
9181.25	0.01053317000
9183.7	0.01055648000
9186.16	0.01128922000
9188.61	0.01115628000
9191.07	0.01107358000
9193.52	0.01092502000
9195.98	0.01086762000
9198.43	0.01155401000
9200.88	0.01129494000
9203.34	0.01112681000
9205.79	0.01149141000
9208.25	0.01122832000
9210.7	0.01148884000
9213.16	0.01154576000
9215.61	0.01145914000
9218.07	0.01153105000
9220.52	0.01128060000
9222.98	0.01167459000
9225.43	0.01156507000
9227.89	0.01179696000
9230.34	0.01197102000
9232.79	0.01140193000
9235.25	0.01172455000
9237.7	0.01184190000
9240.16	0.01173527000
9242.61	0.01177226000
9245.07	0.01171369000
9247.52	0.01203268000
9249.98	0.01205726000
9252.43	0.01221727000
9254.89	0.01245051000
9257.34	0.01187168000
9259.8	0.01191963000
9262.25	0.01252952000
9264.7	0.01252058000
9267.16	0.01243470000
9269.61	0.01213039000
9272.07	0.01251067000
9274.52	0.01293628000
9276.98	0.01251030000
9279.43	0.01274742000
9281.89	0.01248594000
9284.34	0.01255340000
9286.8	0.01318321000
9289.25	0.01318685000
9291.71	0.01307315000
9294.16	0.01288367000
9296.61	0.01302384000
9299.07	0.01353889000
9301.52	0.01347275000
9303.98	0.01312989000
9306.43	0.01342925000
9308.89	0.01350060000
9311.34	0.01408509000
9313.8	0.01389488000
9316.25	0.01402761000
9318.71	0.01355606000
9321.16	0.01372546000
9323.62	0.01461394000
9326.07	0.01412261000
9328.52	0.01409521000
9330.98	0.01358807000
9333.43	0.01395407000
9335.89	0.01466182000
9338.34	0.01447697000
9340.8	0.01464278000
9343.25	0.01443285000
9345.71	0.01484759000
9348.16	0.01564915000
9350.62	0.01501035000
9353.07	0.01489501000
9355.52	0.01462998000
9357.98	0.01477292000
9360.43	0.01559426000
9362.89	0.01505623000
9365.34	0.01522666000
9367.8	0.01534727000
9370.25	0.01554283000
9372.71	0.01496869000
9375.16	0.01501234000
9377.62	0.01526073000
9380.07	0.01517219000
9382.53	0.01509478000
9384.98	0.01583366000
9387.43	0.01595572000
9389.89	0.01520797000
9392.34	0.01535850000
9394.8	0.01504533000
9397.25	0.01592605000
9399.71	0.01608841000
9402.16	0.01611630000
9404.62	0.01642110000
9407.07	0.01576309000
9409.53	0.01606687000
9411.98	0.01665479000
9414.44	0.01633578000
9416.89	0.01599245000
9419.34	0.01587800000
9421.8	0.01684244000
9424.25	0.01665105000
9426.71	0.01616336000
9429.16	0.01724658000
9431.62	0.01692825000
9434.07	0.01732086000
9436.53	0.01752889000
9438.98	0.01745471000
9441.44	0.01777896000
9443.89	0.01764007000
9446.35	0.01817445000
9448.8	0.01800622000
9451.25	0.01735132000
9453.71	0.01771795000
9456.16	0.01732136000
9458.62	0.01761431000
9461.07	0.01851402000
9463.53	0.01788501000
9465.98	0.01772847000
9468.44	0.01798713000
9470.89	0.01830452000
9473.35	0.01833322000
9475.8	0.01785037000
9478.26	0.01798671000
9480.71	0.01831578000
9483.16	0.01919566000
9485.62	0.01952631000
9488.07	0.01876090000
9490.53	0.01842971000
9492.98	0.01848216000
9495.44	0.01856910000
9497.89	0.01874607000
9500.35	0.01869005000
9502.8	0.01896500000
9505.26	0.01848124000
9507.71	0.01880510000
9510.17	0.01903148000
9512.62	0.01876531000
9515.07	0.01932465000
9517.53	0.01903775000
9519.98	0.01930348000
9522.44	0.02041901000
9524.89	0.01967861000
9527.35	0.01972817000
9529.8	0.02000509000
9532.26	0.01968064000
9534.71	0.02032638000
9537.17	0.01974091000
9539.62	0.01937840000
9542.08	0.01969976000
9544.53	0.02056112000
9546.98	0.02101916000
9549.44	0.02168898000
9551.89	0.02110693000
9554.35	0.02150004000
9556.8	0.02127782000
9559.26	0.02230951000
9561.71	0.02143334000
9564.17	0.02171754000
9566.62	0.02176437000
9569.08	0.02194890000
9571.53	0.02236577000
9573.99	0.02173242000
9576.44	0.02159257000
9578.89	0.02205342000
9581.35	0.02270446000
9583.8	0.02242805000
9586.26	0.02239360000
9588.71	0.02253045000
9591.17	0.02257094000
9593.62	0.02284357000
9596.08	0.02327581000
9598.53	0.02344671000
9600.99	0.02335136000
9603.44	0.02319307000
9605.9	0.02294732000
9608.35	0.02436886000
9610.8	0.02437221000
9613.26	0.02399272000
9615.71	0.02314298000
9618.17	0.02277677000
9620.62	0.02390062000
9623.08	0.02423254000
9625.53	0.02410616000
9627.99	0.02442934000
9630.44	0.02464004000
9632.9	0.02487132000
9635.35	0.02486814000
9637.81	0.02423656000
9640.26	0.02425238000
9642.71	0.02427973000
9645.17	0.02530161000
9647.62	0.02518749000
9650.08	0.02497539000
9652.53	0.02585259000
9654.99	0.02600866000
9657.44	0.02660993000
9659.9	0.02594899000
9662.35	0.02581424000
9664.81	0.02640227000
9667.26	0.02603539000
9669.71	0.02696898000
9672.17	0.02724826000
9674.62	0.02662854000
9677.08	0.02617577000
9679.53	0.02563400000
9681.99	0.02623994000
9684.44	0.02667836000
9686.9	0.02631176000
9689.35	0.02634819000
9691.81	0.02586296000
9694.26	0.02628368000
9696.72	0.02759999000
9699.17	0.02704130000
9701.62	0.02666436000
9704.08	0.02715226000
9706.53	0.02743580000
9708.99	0.02845151000
9711.44	0.02877444000
9713.9	0.02820116000
9716.35	0.02818322000
9718.81	0.02867175000
9721.26	0.02913399000
9723.72	0.02871101000
9726.17	0.02854981000
9728.63	0.02875846000
9731.08	0.02931391000
9733.53	0.03007133000
9735.99	0.02878794000
9738.44	0.02911556000
9740.9	0.02965440000
9743.35	0.03033554000
9745.81	0.03132041000
9748.26	0.03059728000
9750.72	0.03034412000
9753.17	0.02966779000
9755.63	0.02968399000
9758.08	0.03098600000
9760.54	0.03014835000
9762.99	0.03069912000
9765.44	0.03061611000
9767.9	0.03053870000
9770.35	0.03116881000
9772.81	0.03041454000
9775.26	0.03053931000
9777.72	0.03082369000
9780.17	0.03106874000
9782.63	0.03154094000
9785.08	0.03188198000
9787.54	0.03228934000
9789.99	0.03169338000
9792.45	0.03223460000
9794.9	0.03290103000
9797.35	0.03290005000
9799.81	0.03257935000
9802.26	0.03334685000
9804.72	0.03375974000
9807.17	0.03466522000
9809.63	0.03300904000
9812.08	0.03394084000
9814.54	0.03436314000
9816.99	0.03476618000
9819.45	0.03576918000
9821.9	0.03598513000
9824.36	0.03548134000
9826.81	0.03673930000