2048 1
3267.930	0.108447400000
3270.370	0.105900700000
3272.800	0.082524050000
3275.240	0.066029870000
3277.670	0.051600390000
3280.100	0.077937730000
3282.540	0.092913720000
3284.970	0.097861800000
3287.400	0.129411800000
3289.840	0.085113790000
3292.270	0.083385740000
3294.700	0.104155600000
3297.140	0.093374360000
3299.570	0.078221120000
3302.000	0.085414080000
3304.440	0.093413440000
3306.870	0.073191690000
3309.310	0.073957330000
3311.740	0.073498260000
3314.170	0.061719840000
3316.610	0.096785170000
3319.040	0.078264700000
3321.470	0.053530380000
3323.910	0.103077600000
3326.340	0.058777580000
3328.770	0.068610030000
3331.210	0.091842670000
3333.640	0.095862340000
3336.070	0.072306000000
3338.510	0.062696110000
3340.940	0.037145430000
3343.380	0.050610230000
3345.810	0.103970100000
3348.240	0.061503960000
3350.680	0.049328290000
3353.110	0.074878710000
3355.540	0.066264480000
3357.980	0.047586820000
3360.410	0.044782800000
3362.840	0.084482170000
3365.280	0.087592830000
3367.710	0.078623560000
3370.140	0.033455360000
3372.580	0.060339230000
3375.010	0.060474230000
3377.450	0.096262110000
3379.880	0.035408330000
3382.310	0.040206720000
3384.750	0.080325370000
3387.180	0.068159250000
3389.610	0.074163530000
3392.050	0.080938150000
3394.480	0.055017040000
3396.910	0.040078270000
3399.350	0.053144570000
3401.780	0.020050550000
3404.210	-0.008002518000
3406.650	-0.012750600000
3409.080	0.056187050000
3411.520	0.079261500000
3413.950	0.099081750000
3416.380	0.086144890000
3418.820	0.085896420000
3421.250	0.063484740000
3423.680	0.034470690000
3426.120	0.032282440000
3428.550	0.049770980000
3430.980	0.037834440000
3433.420	0.061564130000
3435.850	0.067167650000
3438.280	0.046382860000
3440.720	0.044415900000
3443.150	0.049332130000
3445.590	-0.011041730000
3448.020	0.056531410000
3450.450	0.089356170000
3452.890	0.044042960000
3455.320	0.069865760000
3457.750	0.064431690000
3460.190	0.050186380000
3462.620	0.039340380000
3465.050	0.078747000000
3467.490	0.061706480000
3469.920	0.014842330000
3472.350	0.037320420000
3474.790	0.053674660000
3477.220	0.047210390000
3479.660	0.046913180000
3482.090	0.082660650000
3484.520	0.057077470000
3486.960	0.039368860000
3489.390	0.065171230000
3491.820	0.066458700000
3494.260	0.062068160000
3496.690	0.041883700000
3499.120	0.038997380000
3501.560	0.051572900000
3503.990	0.085214440000
3506.420	0.050956080000
3508.860	0.057505880000
3511.290	0.071810570000
3513.730	0.041452020000
3516.160	0.074401450000
3518.590	0.097132160000
3521.030	0.059883800000
3523.460	0.066884920000
3525.890	0.094817550000
3528.330	0.091249910000
3530.760	0.087428070000
3533.190	0.051498310000
3535.630	0.064602380000
3538.060	0.059145560000
3540.490	0.051076350000
3542.930	0.058839370000
3545.360	0.079973570000
3547.800	0.051475700000
3550.230	0.062582720000
3552.660	0.096232910000
3555.100	0.076853830000
3557.530	0.072540010000
3559.960	0.081338380000
3562.400	0.083080840000
3564.830	0.057863050000
3567.260	0.070187990000
3569.700	0.067509060000
3572.130	0.089843420000
3574.560	0.051228090000
3577.000	0.070758580000
3579.430	0.105629200000
3581.870	0.116561700000
3584.300	0.094282150000
3586.730	0.097623730000
3589.170	0.090279970000
3591.600	0.082125930000
3594.030	0.074866710000
3596.470	0.067742500000
3598.900	0.050560450000
3601.330	0.082475130000
3603.770	0.061014950000
3606.200	0.076795880000
3608.630	0.075756530000
3611.070	0.070241000000
3613.500	0.084852200000
3615.940	0.103975400000
3618.370	0.097022730000
3620.800	0.072534980000
3623.240	0.065831710000
3625.670	0.087085330000
3628.100	0.096030480000
3630.540	0.125498500000
3632.970	0.101382700000
3635.400	0.067986570000
3637.840	0.082961470000
3640.270	0.096511810000
3642.700	0.068960290000
3645.140	0.045421060000
3647.570	0.061104170000
3650.010	0.076748650000
3652.440	0.075950000000
3654.870	0.103300000000
3657.310	0.069216710000
3659.740	0.075435360000
3662.170	0.061741480000
3664.610	0.106157000000
3667.040	0.088426350000
3669.470	0.083153360000
3671.910	0.067733950000
3674.340	0.057591320000
3676.770	0.092726380000
3679.210	0.069751810000
3681.640	0.089336020000
3684.070	0.100635400000
3686.510	0.062079820000
3688.940	0.061870030000
3691.380	0.093318870000
3693.810	0.101077900000
3696.240	0.099171180000
3698.680	0.077389340000
3701.110	0.093477650000
3703.540	0.087767120000
3705.980	0.075917960000
3708.410	0.089313660000
3710.840	0.088639050000
3713.280	0.066407400000
3715.710	0.094879810000
3718.140	0.115658900000
3720.580	0.106704000000
3723.010	0.107632000000
3725.450	0.113651900000
3727.880	0.106523800000
3730.310	0.097630340000
3732.750	0.087501120000
3735.180	0.113519500000
3737.610	0.117476600000
3740.050	0.103713100000
3742.480	0.085777240000
3744.910	0.086077880000
3747.350	0.092987900000
3749.780	0.092387390000
3752.210	0.086412090000
3754.650	0.096658310000
3757.080	0.111636700000
3759.520	0.105768200000
3761.950	0.099265960000
3764.380	0.110054600000
3766.820	0.120816100000
3769.250	0.119270700000
3771.680	0.117727400000
3774.120	0.124880100000
3776.550	0.118732800000
3778.980	0.126894600000
3781.420	0.131444500000
3783.850	0.124018700000
3786.280	0.126840400000
3788.720	0.139655200000
3791.150	0.137676300000
3793.590	0.138897200000
3796.020	0.133500500000
3798.450	0.149136700000
3800.890	0.180131500000
3803.320	0.159678500000
3805.750	0.142520700000
3808.190	0.150938500000
3810.620	0.152656200000
3813.050	0.166015900000
3815.490	0.168661200000
3817.920	0.180361000000
3820.350	0.205038300000
3822.790	0.203201100000
3825.220	0.178406600000
3827.660	0.175828800000
3830.090	0.192099300000
3832.520	0.215999400000
3834.960	0.221814000000
3837.390	0.217345600000
3839.820	0.204855000000
3842.260	0.234599700000
3844.690	0.230130100000
3847.120	0.213673600000
3849.560	0.242708500000
3851.990	0.251611300000
3854.420	0.247896000000
3856.860	0.261499800000
3859.290	0.272196700000
3861.730	0.292587500000
3864.160	0.290259200000
3866.590	0.289183600000
3869.030	0.297241100000
3871.460	0.286533300000
3873.890	0.294139700000
3876.330	0.298493400000
3878.760	0.309482000000
3881.190	0.317480900000
3883.630	0.321016100000
3886.060	0.342218000000
3888.490	0.345847500000
3890.930	0.345513300000
3893.360	0.349499200000
3895.800	0.351960900000
3898.230	0.365442700000
3900.660	0.377149400000
3903.100	0.381363500000
3905.530	0.382085400000
3907.960	0.388413800000
3910.400	0.391448100000
3912.830	0.390183800000
3915.260	0.409872200000
3917.700	0.417461200000
3920.130	0.423385400000
3922.560	0.428742100000
3925.000	0.433373200000
3927.430	0.435431500000
3929.870	0.447399000000
3932.300	0.447489800000
3934.730	0.444481700000
3937.170	0.463637700000
3939.600	0.461856900000
3942.030	0.455516200000
3944.470	0.466288700000
3946.900	0.481051600000
3949.330	0.480933900000
3951.770	0.496317800000
3954.200	0.501061500000
3956.630	0.502601900000
3959.070	0.505526400000
3961.500	0.506612100000
3963.940	0.516155500000
3966.370	0.519754800000
3968.800	0.520742200000
3971.240	0.527926700000
3973.670	0.535350400000
3976.100	0.535911800000
3978.540	0.539566800000
3980.970	0.545788800000
3983.400	0.554876300000
3985.840	0.555255600000
3988.270	0.556327900000
3990.700	0.561224200000
3993.140	0.564730000000
3995.570	0.567129500000
3998.010	0.569375300000
4000.440	0.575866200000
4002.870	0.575404000000
4005.310	0.575678800000
4007.740	0.586643900000
4010.170	0.588436300000
4012.610	0.595084200000
4015.040	0.601686400000
4017.470	0.601550300000
4019.910	0.599271300000
4022.340	0.599560600000
4024.770	0.607349500000
4027.210	0.609611600000
4029.640	0.615878600000
4032.080	0.616073100000
4034.510	0.626313400000
4036.940	0.620120200000
4039.380	0.624856800000
4041.810	0.629494300000
4044.240	0.632184600000
4046.680	0.629905700000
4049.110	0.636291600000
4051.540	0.636770600000
4053.980	0.639287600000
4056.410	0.641176500000
4058.840	0.639051600000
4061.280	0.644615900000
4063.710	0.647298800000
4066.140	0.648921900000
4068.580	0.652695900000
4071.010	0.654053600000
4073.450	0.657195200000
4075.880	0.656251200000
4078.310	0.657699600000
4080.750	0.664913600000
4083.180	0.661086700000
4085.610	0.661327700000
4088.050	0.662836500000
4090.480	0.667536700000
4092.910	0.671821700000
4095.350	0.672293100000
4097.780	0.669770500000
4100.210	0.672729600000
4102.650	0.674467300000
4105.080	0.675051300000
4107.520	0.675247800000
4109.950	0.676024600000
4112.380	0.680239100000
4114.820	0.679248200000
4117.250	0.680803800000
4119.680	0.682719200000
4122.120	0.682158900000
4124.550	0.683903800000
4126.980	0.684727300000
4129.420	0.684546500000
4131.850	0.685086400000
4134.280	0.688563500000
4136.720	0.689548200000
4139.150	0.689363500000
4141.590	0.688928500000
4144.020	0.691662800000
4146.450	0.692012400000
4148.890	0.694644100000
4151.320	0.693585900000
4153.750	0.694245600000
4156.190	0.695505700000
4158.620	0.697276600000
4161.050	0.698149400000
4163.490	0.695368900000
4165.920	0.698618900000
4168.350	0.697168500000
4170.790	0.700130900000
4173.220	0.699377100000
4175.660	0.701144200000
4178.090	0.700854700000
4180.520	0.698736700000
4182.960	0.698977000000
4185.390	0.697497000000
4187.820	0.700560300000
4190.260	0.699292100000
4192.690	0.699470600000
4195.120	0.699907800000
4197.560	0.701738500000
4199.990	0.700443600000
4202.420	0.701082100000
4204.860	0.702344300000
4207.290	0.700102600000
4209.730	0.700799200000
4212.160	0.702957300000
4214.590	0.705548200000
4217.030	0.706784900000
4219.460	0.706267400000
4221.890	0.706830000000
4224.330	0.707792300000
4226.760	0.708315300000
4229.190	0.707648100000
4231.630	0.708632700000
4234.060	0.711411900000
4236.490	0.711430100000
4238.930	0.710567400000
4241.360	0.711097500000
4243.800	0.711045000000
4246.230	0.710629200000
4248.660	0.714090500000
4251.100	0.715178200000
4253.530	0.713084800000
4255.960	0.713591600000
4258.400	0.715218500000
4260.830	0.715424200000
4263.260	0.714706700000
4265.700	0.715504500000
4268.130	0.715397200000
4270.560	0.713939800000
4273.000	0.714531800000
4275.430	0.715831400000
4277.870	0.714680600000
4280.300	0.714979400000
4282.730	0.715518100000
4285.170	0.714259200000
4287.600	0.715766400000
4290.030	0.715998500000
4292.470	0.715868900000
4294.900	0.714906000000
4297.330	0.716301300000
4299.770	0.716469100000
4302.200	0.715618100000
4304.630	0.714726700000
4307.070	0.713680100000
4309.500	0.714218900000
4311.940	0.712726700000
4314.370	0.712395400000
4316.800	0.712366400000
4319.240	0.712680200000
4321.670	0.710873200000
4324.100	0.711833800000
4326.540	0.712684000000
4328.970	0.712089000000
4331.400	0.712509900000
4333.840	0.710610300000
4336.270	0.710320800000
4338.700	0.710425800000
4341.140	0.710021300000
4343.570	0.709383000000
4346.010	0.710273000000
4348.440	0.709535200000
4350.870	0.706645100000
4353.310	0.707945000000
4355.740	0.708022900000
4358.170	0.706736500000
4360.610	0.705614600000
4363.040	0.706636600000
4365.470	0.706306800000
4367.910	0.706210600000
4370.340	0.705555100000
4372.770	0.705097300000
4375.210	0.705274900000
4377.640	0.705975400000
4380.080	0.705278300000
4382.510	0.704455500000
4384.940	0.703718300000
4387.380	0.702461300000
4389.810	0.702599200000
4392.240	0.703056600000
4394.680	0.702112900000
4397.110	0.701631200000
4399.540	0.701629500000
4401.980	0.702557600000
4404.410	0.701416700000
4406.840	0.699957700000
4409.280	0.700224600000
4411.710	0.700693400000
4414.150	0.699926800000
4416.580	0.699010800000
4419.010	0.698957600000
4421.450	0.699004500000
4423.880	0.697603100000
4426.310	0.696362200000
4428.750	0.696718500000
4431.180	0.695415300000
4433.610	0.695110900000
4436.050	0.695700900000
4438.480	0.694816700000
4440.910	0.694125700000
4443.350	0.693550200000
4445.780	0.692751200000
4448.210	0.692200900000
4450.650	0.691023600000
4453.080	0.691155900000
4455.520	0.689223600000
4457.950	0.687843500000
4460.380	0.688206200000
4462.820	0.686971400000
4465.250	0.686693800000
4467.680	0.685721000000
4470.120	0.684510200000
4472.550	0.682148000000
4474.980	0.681030600000
4477.420	0.679473600000
4479.850	0.679851900000
4482.280	0.678157300000
4484.720	0.677150700000
4487.150	0.676472500000
4489.590	0.675763600000
4492.020	0.674157400000
4494.450	0.673590800000
4496.890	0.671629700000
4499.320	0.671124400000
4501.750	0.669656000000
4504.190	0.669079400000
4506.620	0.667820300000
4509.050	0.665456800000
4511.490	0.665129600000
4513.920	0.664905800000
4516.350	0.664316500000
4518.790	0.663369300000
4521.220	0.661509900000
4523.660	0.659931700000
4526.090	0.659967000000
4528.520	0.658190700000
4530.960	0.658055800000
4533.390	0.656939300000
4535.820	0.655520100000
4538.260	0.654671400000
4540.690	0.653659300000
4543.120	0.651310400000
4545.560	0.651407000000
4547.990	0.650054600000
4550.420	0.648074600000
4552.860	0.647260700000
4555.290	0.646155900000
4557.730	0.644887300000
4560.160	0.644532200000
4562.590	0.643265200000
4565.030	0.641277100000
4567.460	0.640339500000
4569.890	0.638770900000
4572.330	0.636521500000
4574.760	0.635625500000
4577.190	0.634913600000
4579.630	0.633363500000
4582.060	0.631853800000
4584.490	0.629575200000
4586.930	0.628043900000
4589.360	0.626499400000
4591.800	0.625153900000
4594.230	0.623630200000
4596.660	0.621671900000
4599.100	0.619937600000
4601.530	0.618776900000
4603.960	0.617292800000
4606.400	0.615032600000
4608.830	0.613256600000
4611.260	0.611642700000
4613.700	0.609484700000
4616.130	0.607937500000
4618.560	0.605341300000
4621.000	0.602585800000
4623.430	0.601102800000
4625.870	0.599678800000
4628.300	0.597333700000
4630.730	0.594330100000
4633.170	0.592728400000
4635.600	0.590630700000
4638.030	0.588743500000
4640.470	0.587193200000
4642.900	0.583091200000
4645.330	0.580786200000
4647.770	0.578681600000
4650.200	0.576285000000
4652.630	0.573848400000
4655.070	0.571103400000
4657.500	0.568397100000
4659.940	0.565166500000
4662.370	0.562573400000
4664.800	0.560519800000
4667.240	0.557596900000
4669.670	0.554224900000
4672.100	0.551295000000
4674.540	0.548267400000
4676.970	0.545133900000
4679.400	0.541948200000
4681.840	0.538739000000
4684.270	0.535745300000
4686.700	0.532418900000
4689.140	0.529800800000
4691.570	0.525937900000
4694.010	0.522104800000
4696.440	0.519300900000
4698.870	0.515869100000
4701.310	0.512325900000
4703.740	0.508878700000
4706.170	0.505663900000
4708.610	0.502165200000
4711.040	0.499004800000
4713.470	0.495723100000
4715.910	0.491910400000
4718.340	0.487809000000
4720.770	0.484818200000
4723.210	0.481311900000
4725.640	0.477615600000
4728.080	0.474091900000
4730.510	0.470229000000
4732.940	0.466581800000
4735.380	0.463454200000
4737.810	0.460072600000
4740.240	0.456363500000
4742.680	0.453024600000
4745.110	0.449851900000
4747.540	0.445568500000
4749.980	0.441634700000
4752.410	0.438299000000
4754.840	0.434809000000
4757.280	0.430942600000
4759.710	0.427616300000
4762.150	0.424511000000
4764.580	0.420586100000
4767.010	0.416968700000
4769.450	0.413697600000
4771.880	0.410201400000
4774.310	0.406194100000
4776.750	0.401988300000
4779.180	0.398562900000
4781.610	0.394786700000
4784.050	0.390916000000
4786.480	0.387479500000
4788.910	0.384093200000
4791.350	0.380277100000
4793.780	0.377085200000
4796.220	0.372996900000
4798.650	0.369086900000
4801.080	0.365771000000
4803.520	0.361936500000
4805.950	0.357662900000
4808.380	0.354075400000
4810.820	0.350403000000
4813.250	0.346555900000
4815.680	0.342956900000
4818.120	0.339389900000
4820.550	0.336079600000
4822.980	0.331531900000
4825.420	0.327778800000
4827.850	0.324370100000
4830.280	0.320702000000
4832.720	0.316618700000
4835.150	0.313041300000
4837.590	0.309762200000
4840.020	0.305998700000
4842.450	0.302405300000
4844.890	0.298835900000
4847.320	0.295168900000
4849.750	0.292056200000
4852.190	0.288177500000
4854.620	0.284385700000
4857.050	0.281511900000
4859.490	0.277698200000
4861.920	0.274215200000
4864.350	0.270797500000
4866.790	0.267595400000
4869.220	0.264653300000
4871.660	0.261071900000
4874.090	0.257847900000
4876.520	0.254473700000
4878.960	0.251354200000
4881.390	0.248471300000
4883.820	0.245666200000
4886.260	0.242146900000
4888.690	0.239279900000
4891.120	0.236354500000
4893.560	0.232874100000
4895.990	0.230009300000
4898.420	0.226940700000
4900.860	0.224133300000
4903.290	0.221254800000
4905.730	0.218456600000
4908.160	0.215720800000
4910.590	0.212748200000
4913.030	0.209864200000
4915.460	0.207404300000
4917.890	0.205176600000
4920.330	0.202512200000
4922.760	0.199560400000
4925.190	0.197024200000
4927.630	0.194560900000
4930.060	0.192096700000
4932.490	0.190022300000
4934.930	0.187479300000
4937.360	0.185153900000
4939.800	0.183329900000
4942.230	0.180994000000
4944.660	0.178674900000
4947.100	0.176223400000
4949.530	0.174223700000
4951.960	0.172282800000
4954.400	0.169964800000
4956.830	0.168280400000
4959.260	0.166490300000
4961.700	0.164361500000
4964.130	0.162488000000
4966.560	0.160644900000
4969.000	0.158801300000
4971.430	0.157098800000
4973.870	0.155336100000
4976.300	0.153417100000
4978.730	0.151486800000
4981.170	0.150100700000
4983.600	0.148291600000
4986.030	0.146383800000
4988.470	0.144607700000
4990.900	0.142928800000
4993.330	0.141002400000
4995.770	0.139101500000
4998.200	0.137529400000
5000.630	0.135641100000
5003.070	0.134126100000
5005.500	0.132374200000
5007.940	0.130596800000
5010.370	0.128790700000
5012.800	0.126794500000
5015.240	0.125081800000
5017.670	0.123013100000
5020.100	0.121039400000
5022.540	0.119258200000
5024.970	0.117201400000
5027.400	0.115312500000
5029.840	0.113194700000
5032.270	0.111196000000
5034.700	0.109445000000
5037.140	0.107450600000
5039.570	0.105584300000
5042.010	0.103269400000
5044.440	0.101281700000
5046.870	0.099553700000
5049.310	0.097672750000
5051.740	0.095649440000
5054.170	0.093721120000
5056.610	0.092190850000
5059.040	0.090205540000
5061.470	0.088355040000
5063.910	0.086712660000
5066.340	0.084613700000
5068.770	0.082979150000
5071.210	0.081324440000
5073.640	0.079666590000
5076.080	0.078010390000
5078.510	0.076319630000
5080.940	0.074784700000
5083.380	0.073241320000
5085.810	0.071941760000
5088.240	0.070595570000
5090.680	0.069156870000
5093.110	0.067680360000
5095.540	0.066287460000
5097.980	0.065140550000
5100.410	0.063934380000
5102.840	0.062628630000
5105.280	0.061489290000
5107.710	0.060241260000
5110.150	0.058983260000
5112.580	0.057827310000
5115.010	0.056796660000
5117.450	0.055566360000
5119.880	0.054422410000
5122.310	0.053451830000
5124.750	0.052396010000
5127.180	0.051385420000
5129.610	0.050158550000
5132.050	0.049216710000
5134.480	0.048191500000
5136.910	0.047091600000
5139.350	0.046267620000
5141.780	0.045415260000
5144.220	0.044368710000
5146.650	0.043386870000
5149.080	0.042527750000
5151.520	0.041573030000
5153.950	0.040730200000
5156.380	0.039734470000
5158.820	0.038953720000
5161.250	0.038121310000
5163.680	0.037115080000
5166.120	0.036308370000
5168.550	0.035583950000
5170.980	0.034532190000
5173.420	0.033627090000
5175.850	0.033138990000
5178.290	0.032404500000
5180.720	0.031583020000
5183.150	0.030736870000
5185.590	0.029906900000
5188.020	0.029096050000
5190.450	0.028386230000
5192.890	0.027716950000
5195.320	0.026928910000
5197.750	0.026292700000
5200.190	0.025690820000
5202.620	0.024928120000
5205.050	0.024265670000
5207.490	0.023675850000
5209.920	0.023054490000
5212.360	0.022468610000
5214.790	0.021874590000
5217.220	0.021186040000
5219.660	0.020579740000
5222.090	0.020036770000
5224.520	0.019464100000
5226.960	0.018919170000
5229.390	0.018623180000
5231.820	0.017870090000
5234.260	0.017178530000
5236.690	0.016939400000
5239.120	0.016428310000
5241.560	0.015902770000
5243.990	0.015486720000
5246.420	0.015068800000
5248.860	0.014685960000
5251.290	0.014357050000
5253.730	0.013877010000
5256.160	0.013549530000
5258.590	0.013159090000
5261.030	0.012735470000
5263.460	0.012452550000
5265.890	0.012048310000
5268.330	0.011624240000
5270.760	0.011312710000
5273.190	0.011090430000
5275.630	0.010811540000
5278.060	0.010469930000
5280.490	0.010257540000
5282.930	0.010001050000
5285.360	0.009662244000
5287.800	0.009459091000
5290.230	0.009195236000
5292.660	0.009019669000
5295.100	0.008862772000
5297.530	0.008526362000
5299.960	0.008351466000
5302.400	0.008219397000
5304.830	0.007946749000
5307.260	0.007786395000
5309.700	0.007679377000
5312.130	0.007442367000
5314.560	0.007236818000
5317.000	0.007100089000
5319.430	0.007041170000
5321.870	0.006939564000
5324.300	0.006733454000
5326.730	0.006627361000
5329.170	0.006410035000
5331.600	0.006233013000
5334.030	0.006222108000
5336.470	0.006260479000
5338.900	0.006119203000
5341.330	0.005889926000
5343.770	0.005707896000
5346.200	0.005663143000
5348.630	0.005675080000
5351.070	0.005515577000
5353.500	0.005502009000
5355.940	0.005501186000
5358.370	0.005449378000
5360.800	0.005396216000
5363.240	0.005278436000
5365.670	0.005109150000
5368.100	0.005074215000
5370.540	0.005049185000
5372.970	0.004961686000
5375.400	0.004880559000
5377.840	0.004860186000
5380.270	0.004802767000
5382.700	0.004702842000
5385.140	0.004753980000
5387.570	0.004729171000
5390.010	0.004615668000
5392.440	0.004597480000
5394.870	0.004659371000
5397.310	0.004499596000
5399.740	0.004529154000
5402.170	0.004628689000
5404.610	0.004573314000
5407.040	0.004516089000
5409.470	0.004479115000
5411.910	0.004452731000
5414.340	0.004565900000
5416.770	0.004636025000
5419.210	0.004552128000
5421.640	0.004404761000
5424.080	0.004346039000
5426.510	0.004433067000
5428.940	0.004502619000
5431.380	0.004408211000
5433.810	0.004527498000
5436.240	0.004588912000
5438.680	0.004568920000
5441.110	0.004618559000
5443.540	0.004821973000
5445.980	0.004897269000
5448.410	0.004577100000
5450.840	0.004548618000
5453.280	0.004551111000
5455.710	0.004602813000
5458.150	0.004630560000
5460.580	0.004729633000
5463.010	0.004717367000
5465.450	0.004692183000
5467.880	0.004907871000
5470.310	0.005018520000
5472.750	0.005009827000
5475.180	0.005199370000
5477.610	0.003356336000
5480.050	0.015755450000
5482.480	0.029387130000
5484.910	0.004425066000
5487.350	0.005374344000
5489.780	0.005576604000
5492.220	0.005591464000
5494.650	0.005650160000
5497.080	0.005805187000
5499.520	0.005828997000
5501.950	0.005936910000
5504.380	0.005936673000
5506.820	0.006181888000
5509.250	0.006335789000
5511.680	0.006279688000
5514.120	0.006353893000
5516.550	0.006600344000
5518.980	0.006755584000
5521.420	0.006872597000
5523.850	0.007007007000
5526.290	0.007151499000
5528.720	0.007148435000
5531.150	0.007243200000
5533.590	0.007360096000
5536.020	0.007481866000
5538.450	0.007605396000
5540.890	0.007737915000
5543.320	0.007835366000
5545.750	0.007993224000
5548.190	0.008048957000
5550.620	0.008210970000
5553.050	0.008264619000
5555.490	0.008256895000
5557.920	0.008444692000
5560.360	0.008809246000
5562.790	0.008700453000
5565.220	0.008778241000
5567.660	0.008741709000
5570.090	0.008774465000
5572.520	0.008883076000
5574.960	0.008919081000
5577.390	0.008937870000
5579.820	0.009011701000
5582.260	0.009154652000
5584.690	0.009083801000
5587.120	0.009280921000
5589.560	0.009204036000
5591.990	0.009234252000
5594.430	0.009278794000
5596.860	0.009340550000
5599.290	0.009324395000
5601.730	0.009273666000
5604.160	0.009273635000
5606.590	0.009381893000
5609.030	0.009231478000
5611.460	0.009172057000
5613.890	0.009173883000
5616.330	0.009130217000
5618.760	0.009163814000
5621.190	0.009075223000
5623.630	0.009000419000
5626.060	0.008888569000
5628.490	0.008874475000
5630.930	0.008881762000
5633.360	0.008726941000
5635.800	0.008650956000
5638.230	0.008672107000
5640.660	0.008687600000
5643.100	0.008583609000
5645.530	0.008444406000
5647.960	0.008325050000
5650.400	0.008224176000
5652.830	0.008156401000
5655.260	0.008029182000
5657.700	0.007892190000
5660.130	0.007727630000
5662.560	0.007581596000
5665.000	0.007494038000
5667.430	0.007353628000
5669.870	0.007282624000
5672.300	0.007145168000
5674.730	0.006998084000
5677.170	0.006922327000
5679.600	0.006767893000
5682.030	0.006571274000
5684.470	0.006452689000
5686.900	0.006324827000
5689.330	0.006174585000
5691.770	0.006118925000
5694.200	0.005858812000
5696.630	0.005773243000
5699.070	0.005608439000
5701.500	0.005429528000
5703.940	0.005375424000
5706.370	0.005180775000
5708.800	0.005042321000
5711.240	0.004926008000
5713.670	0.004826589000
5716.100	0.004619882000
5718.540	0.004434124000
5720.970	0.004363595000
5723.400	0.004233443000
5725.840	0.004000298000
5728.270	0.003902452000
5730.700	0.003819859000
5733.140	0.003666440000
5735.570	0.003595677000
5738.010	0.003419165000
5740.440	0.003266036000
5742.870	0.003092304000
5745.310	0.002965466000
5747.740	0.002956463000
5750.170	0.002849509000
5752.610	0.002744364000
5755.040	0.002529155000
5757.470	0.002347638000
5759.910	0.002325550000
5762.340	0.002340649000
5764.770	0.002275541000
5767.210	0.002127568000
5769.640	0.002074573000
5772.080	0.002149816000
5774.510	0.002004961000
5776.940	0.001770737000
5779.380	0.001703440000
5781.810	0.001632859000
5784.240	0.001581509000
5786.680	0.001537509000
5789.110	0.001466294000
5791.540	0.001438512000
5793.980	0.001310584000
5796.410	0.001202211000
5798.840	0.001195682000
5801.280	0.001148385000
5803.710	0.001084571000
5806.150	0.001056983000
5808.580	0.001017908000
5811.010	0.000884647000
5813.450	0.000884051600
5815.880	0.000866177500
5818.310	0.000733031100
5820.750	0.000801777100
5823.180	0.000823479000
5825.610	0.000773237400
5828.050	0.000692095800
5830.480	0.000599057700
5832.910	0.000667797800
5835.350	0.000656652800
5837.780	0.000565366400
5840.220	0.000516714700
5842.650	0.000503907600
5845.080	0.000489562600
5847.520	0.000510188800
5849.950	0.000547175600
5852.380	0.000467965900
5854.820	0.000422692500
5857.250	0.000482868300
5859.680	0.000490894800
5862.120	0.000360022200
5864.550	0.000347019400
5866.980	0.000421881300
5869.420	0.000393071300
5871.850	0.000294121900
5874.290	0.000362493600
5876.720	0.000376684700
5879.150	0.000349543200
5881.590	0.000277985600
5884.020	0.000302550300
5886.450	0.000365302700
5888.890	0.000354795300
5891.320	0.000370674200
5893.750	0.000357646100
5896.190	0.000333637600
5898.620	0.000268915800
5901.050	0.000246063900
5903.490	0.000312493800
5905.920	0.000285086700
5908.360	0.000301056200
5910.790	0.000300725800
5913.220	0.000278981100
5915.660	0.000314632100
5918.090	0.000137569600
5920.520	0.000193016600
5922.960	0.000222094400
5925.390	0.000193075400
5927.820	0.000214978400
5930.260	0.000293757600
5932.690	0.000287113900
5935.120	0.000248132800
5937.560	0.000165325800
5939.990	0.000177405300
5942.430	0.000245992100
5944.860	0.000269865600
5947.290	0.000314874700
5949.730	0.000266895900
5952.160	0.000304015300
5954.590	0.000282081900
5957.030	0.000249474900
5959.460	0.000246437900
5961.890	0.000238529400
5964.330	0.000331429900
5966.760	0.000279764100
5969.190	0.000229211300
5971.630	0.000266831800
5974.060	0.000209500500
5976.500	0.000159098800
5978.930	0.000208567400
5981.360	0.000196029600
5983.800	0.000265335300
5986.230	0.000282151800
5988.660	0.000265108500
5991.100	0.000193720200
5993.530	0.000144767600
5995.960	0.000171455600
5998.400	0.000237197400
6000.830	0.000187541000
6003.260	0.000229191500
6005.700	0.000244785900
6008.130	0.000271793000
6010.560	0.000220564100
6013.000	0.000190881500
6015.430	0.000208451500
6017.870	0.000247812200
6020.300	0.000166256300
6022.730	0.000202812000
6025.170	0.000298713200
6027.600	0.000255762600
6030.030	0.000154232700
6032.470	0.000171216900
6034.900	0.000188635200
6037.330	0.000192007100
6039.770	0.000247908600
6042.200	0.000258451000
6044.630	0.000259180400
6047.070	0.000213015700
6049.500	0.000234678600
6051.940	0.000223301500
6054.370	0.000174780600
6056.800	0.000149562000
6059.240	0.000160004500
6061.670	0.000220960500
6064.100	0.000192475100
6066.540	0.000199135800
6068.970	0.000247195400
6071.400	0.000209346600
6073.840	0.000216144300
6076.270	0.000257335300
6078.700	0.000249030300
6081.140	0.000188308600
6083.570	0.000212264900
6086.010	0.000206118200
6088.440	0.000165959500
6090.870	0.000192262600
6093.310	0.000147980500
6095.740	0.000187449400
6098.170	0.000204261800
6100.610	0.000215703600
6103.040	0.000267173100
6105.470	0.000171044000
6107.910	0.000158470900
6110.340	0.000252923300
6112.770	0.000248890700
6115.210	0.000254835800
6117.640	0.000291503000
6120.080	0.000212368400
6122.510	0.000156583200
6124.940	0.000193754000
6127.380	0.000212701500
6129.810	0.000196259000
6132.240	0.000222971400
6134.680	0.000242776700
6137.110	0.000180831400
6139.540	0.000146261200
6141.980	0.000235364400
6144.410	0.000222307300
6146.840	0.000186551300
6149.280	0.000187784700
6151.710	0.000138580000
6154.150	0.000118883100
6156.580	0.000213867200
6159.010	0.000152422500
6161.450	0.000191884600
6163.880	0.000174772300
6166.310	0.000206262200
6168.750	0.000207090700
6171.180	0.000175866500
6173.610	0.000157832400
6176.050	0.000202436800
6178.480	0.000167075300
6180.910	0.000199586100
6183.350	0.000232035500
6185.780	0.000207981900
6188.220	0.000227135400
6190.650	0.000155333400
6193.080	0.000085404460
6195.520	0.000147647300
6197.950	0.000181475200
6200.380	0.000203980400
6202.820	0.000180662300
6205.250	0.000137447000
6207.680	0.000113537200
6210.120	0.000134564400
6212.550	0.000224613900
6214.980	0.000173562500
6217.420	0.000163277700
6219.850	0.000168897000
6222.290	0.000172115300
6224.720	0.000174487900
6227.150	0.000160005600
6229.590	0.000127601700
6232.020	0.000106024600
6234.450	0.000209416800
6236.890	0.000227438400
6239.320	0.000098437860
6241.750	0.000169284300
6244.190	0.000195359300
6246.620	0.000153851100
6249.050	0.000163532000
6251.490	0.000158377600
6253.920	0.000083969210
6256.360	0.000108601900
6258.790	0.000168654700
6261.220	0.000111856700
6263.660	0.000080584720
6266.090	0.000060153040
6268.520	0.000104995000
6270.960	0.000176753400
6273.390	0.000144216100
6275.820	0.000162854900
6278.260	0.000212069800
6280.690	0.000164871400
6283.120	0.000131536400
6285.560	0.000126049700
6287.990	0.000121331000
6290.430	0.000093084350
6292.860	0.000087954350
6295.290	0.000116553800
6297.730	0.000148311200
6300.160	0.000179851200
6302.590	0.000112870100
6305.030	0.000130286000
6307.460	0.000164219800
6309.890	0.000098495290
6312.330	0.000104523800
6314.760	0.000119832800
6317.190	0.000092500010
6319.630	0.000057004590
6322.060	0.000081530340
6324.500	0.000133070600
6326.930	0.000146392100
6329.360	0.000103148200
6331.800	0.000130403400
6334.230	0.000167756300
6336.660	0.000137111800
6339.100	0.000052014980
6341.530	0.000070586680
6343.960	0.000117893800
6346.400	0.000092641910
6348.830	0.000098309920
6351.260	0.000104858900
6353.700	0.000103619000
6356.130	0.000145402000
6358.570	0.000108297500
6361.000	0.000095754200
6363.430	0.000129038600
6365.870	0.000124797500
6368.300	0.000113953900
6370.730	0.000059417300
6373.170	0.000093192220
6375.600	0.000116397100
6378.030	0.000135687000
6380.470	0.000131485000
6382.900	0.000141674800
6385.330	0.000143547200
6387.770	0.000138256400
6390.200	0.000107680700
6392.630	0.000082682400
6395.070	0.000103106100
6397.500	0.000129287600
6399.940	0.000146727700
6402.370	0.000094140310
6404.800	0.000094943160
6407.240	0.000156369500
6409.670	0.000090446520
6412.100	0.000067560890
6414.540	0.000109105100
6416.970	0.000151153300
6419.400	0.000092056110
6421.840	0.000095892630
6424.270	0.000135434300
6426.700	0.000079407890
6429.140	0.000115640100
6431.570	0.000094947650
6434.010	0.000100718200
6436.440	0.000124637600
6438.870	0.000094804870
6441.310	0.000051804780
6443.740	0.000097418870
6446.170	0.000152064900
6448.610	0.000105785000
6451.040	0.000084681400
6453.470	0.000147832800
6455.910	0.000162145200
6458.340	0.000106832800
6460.770	0.000077279150
6463.210	0.000136485400
6465.640	0.000109147000
6468.080	0.000115764300
6470.510	0.000150519200
6472.940	0.000168446400
6475.380	0.000110732200
6477.810	0.000096586180
6480.240	0.000146057600
6482.680	0.000111977800
6485.110	0.000150281900
6487.540	0.000106165100
6489.980	0.000091019060
6492.410	0.000137194300
6494.840	0.000090680710
6497.280	0.000083318860
6499.710	0.000125149300
6502.150	0.000089309790
6504.580	0.000073678840
6507.010	0.000152517900
6509.450	0.000115647000
6511.880	0.000085713040
6514.310	0.000149349200
6516.750	0.000131540800
6519.180	0.000133853000
6521.610	0.000172352000
6524.050	0.000093857360
6526.480	0.000076694790
6528.910	0.000138505500
6531.350	0.000100124900
6533.780	0.000137219000
6536.220	0.000214485700
6538.650	0.000167436900
6541.080	0.000099127060
6543.520	0.000113916500
6545.950	0.000108099900
6548.380	0.000132995500
6550.820	0.000180915900
6553.250	0.000142483100
6555.680	0.000126892500
6558.120	0.000066967230
6560.550	0.000116986600
6562.980	0.000127366700
6565.420	0.000166267000
6567.850	0.000106082700
6570.290	0.000102009600
6572.720	0.000102062600
6575.150	0.000126908400
6577.590	0.000133924400
6580.020	0.000140175200
6582.450	0.000154747800
6584.890	0.000149190600
6587.320	0.000162092500
6589.750	0.000105183400
6592.190	0.000103108000
6594.620	0.000117508200
6597.050	0.000124912500
6599.490	0.000099250300
6601.920	0.000062078750
6604.360	0.000110887900
6606.790	0.000107955000
6609.220	0.000128845900
6611.660	0.000092985170
6614.090	0.000136677100
6616.520	0.000134346800
6618.960	0.000126552200
6621.390	0.000105218600
6623.820	0.000114070700
6626.260	0.000135915700
6628.690	0.000135131100
6631.120	0.000101235300
6633.560	0.000073849510
6635.990	0.000097298640
6638.430	0.000093322320
6640.860	0.000142490700
6643.290	0.000150507600
6645.730	0.000136826200
6648.160	0.000180641500
6650.590	0.000127395900
6653.030	0.000110177300
6655.460	0.000146888500
6657.890	0.000137567300
6660.330	0.000117635000
6662.760	0.000147985900
6665.190	0.000184042000
6667.630	0.000184042000
6670.060	0.000166075200
6672.500	0.000142009900
6674.930	0.000130674200
6677.360	0.000163402100
6679.800	0.000193018200
6682.230	0.000163777600
6684.660	0.000159253600
6687.100	0.000186853000
6689.530	0.000169453600
6691.960	0.000156729200
6694.400	0.000183656800
6696.830	0.000189028100
6699.260	0.000144667900
6701.700	0.000108771100
6704.130	0.000100243400
6706.570	0.000135140500
6709.000	0.000184159700
6711.430	0.000160026300
6713.870	0.000164931200
6716.300	0.000162353800
6718.730	0.000148036900
6721.170	0.000153708400
6723.600	0.000126280400
6726.030	0.000108877400
6728.470	0.000176267200
6730.900	0.000202242300
6733.330	0.000157030800
6735.770	0.000149253700
6738.200	0.000152476300
6740.640	0.000177515500
6743.070	0.000202000100
6745.500	0.000158110000
6747.940	0.000160434400
6750.370	0.000165593700
6752.800	0.000148612000
6755.240	0.000168554200
6757.670	0.000146033300
6760.100	0.000162021100
6762.540	0.000184401600
6764.970	0.000173218900
6767.400	0.000228278000
6769.840	0.000184398700
6772.270	0.000174094300
6774.710	0.000195183500
6777.140	0.000235455800
6779.570	0.000227861700
6782.010	0.000211903500
6784.440	0.000202877700
6786.870	0.000157050100
6789.310	0.000202543800
6791.740	0.000201562000
6794.170	0.000217022700
6796.610	0.000261320400
6799.040	0.000223527900
6801.470	0.000224257300
6803.910	0.000234263800
6806.340	0.000247285200
6808.770	0.000255813600
6811.210	0.000215618000
6813.640	0.000263945900
6816.080	0.000275679700
6818.510	0.000231002800
6820.940	0.000258562900
6823.380	0.000230451800
6825.810	0.000229599700
6828.240	0.000230816100
6830.680	0.000238899800
6833.110	0.000241099600
6835.540	0.000231128100
6837.980	0.000291165800
6840.410	0.000289153700
6842.840	0.000272412800
6845.280	0.000298909400
6847.710	0.000311963300
6850.150	0.000319024600
6852.580	0.000301396800
6855.010	0.000275385700
6857.450	0.000287670100
6859.880	0.000305918500
6862.310	0.000274251100
6864.750	0.000282978100
6867.180	0.000311703000
6869.610	0.000317628500
6872.050	0.000321916000
6874.480	0.000315423900
6876.910	0.000337036700
6879.350	0.000288022800
6881.780	0.000303768100
6884.220	0.000334346900
6886.650	0.000308507400
6889.080	0.000303261600
6891.520	0.000307680500
6893.950	0.000345480300
6896.380	0.000331450900
6898.820	0.000316629200
6901.250	0.000294092300
6903.680	0.000278364900
6906.120	0.000316950400
6908.550	0.000344101000
6910.980	0.000329197600
6913.420	0.000346297900
6915.850	0.000333693800
6918.290	0.000328159200
6920.720	0.000343162700
6923.150	0.000298334500
6925.590	0.000339324700
6928.020	0.000354229500
6930.450	0.000332088500
6932.890	0.000314846300
6935.320	0.000283977100
6937.750	0.000330544600
6940.190	0.000365257100
6942.620	0.000309478400
6945.050	0.000293486300
6947.490	0.000316601000
6949.920	0.000349912400
6952.360	0.000307565600
6954.790	0.000303450700
6957.220	0.000317483500
6959.660	0.000295066500
6962.090	0.000308462000
6964.520	0.000325050400
6966.960	0.000346317300
6969.390	0.000318079200
6971.820	0.000357313200
6974.260	0.000341274600
6976.690	0.000289494700
6979.120	0.000310412500
6981.560	0.000334600600
6983.990	0.000319477300
6986.430	0.000307687800
6988.860	0.000330681300
6991.290	0.000327854700
6993.730	0.000310347500
6996.160	0.000317213900
6998.590	0.000307310800
7001.030	0.000310320900
7003.460	0.000299970900
7005.890	0.000269751600
7008.330	0.000268426300
7010.760	0.000281693800
7013.190	0.000295937400
7015.630	0.000276387400
7018.060	0.000287553200
7020.500	0.000299212300
7022.930	0.000278182300
7025.360	0.000306496700
7027.800	0.000288213100
7030.230	0.000251398400
7032.660	0.000288231600
7035.100	0.000291809200
7037.530	0.000261014800
7039.960	0.000255461400
7042.400	0.000261212200
7044.830	0.000290263100
7047.260	0.000275116000
7049.700	0.000244171700
7052.130	0.000266895700
7054.570	0.000281367600
7057.000	0.000249882300
7059.430	0.000239836000
7061.870	0.000242712300
7064.300	0.000250015400
7066.730	0.000245078200
7069.170	0.000273400100
7071.600	0.000217497000
7074.030	0.000231871000
7076.470	0.000240896900
7078.900	0.000247339500
7081.330	0.000237604400
7083.770	0.000236150900
7086.200	0.000229649000
7088.640	0.000216418200
7091.070	0.000243245600
7093.500	0.000229215900
7095.940	0.000233089900
7098.370	0.000216862700
7100.800	0.000217270100
7103.240	0.000227199700
7105.670	0.000201934500
7108.100	0.000195306700
7110.540	0.000207441900
7112.970	0.000186398200
7115.400	0.000210655300
7117.840	0.000218850500
7120.270	0.000188905400
7122.710	0.000192985700
7125.140	0.000205525000
7127.570	0.000169367900
7130.010	0.000170476200
7132.440	0.000188704300
7134.870	0.000168565500
7137.310	0.000172137300
7139.740	0.000189222800
7142.170	0.000155346300
7144.610	0.000138471500
7147.040	0.000168429700
7149.470	0.000187993100
7151.910	0.000192297000
7154.340	0.000181292300
7156.780	0.000182469800
7159.210	0.000170477700
7161.640	0.000128235100
7164.080	0.000130227200
7166.510	0.000136480800
7168.940	0.000133669800
7171.380	0.000162245300
7173.810	0.000161315900
7176.240	0.000179769800
7178.680	0.000166100900
7181.110	0.000132207700
7183.540	0.000150508300
7185.980	0.000117061600
7188.410	0.000150291900
7190.840	0.000193691200
7193.280	0.000162575400
7195.710	0.000183009400
7198.150	0.000170743500
7200.580	0.000148531100
7203.010	0.000111677900
7205.450	0.000120999400
7207.880	0.000163100200
7210.310	0.000141903600
7212.750	0.000163753000
7215.180	0.000153781200
7217.610	0.000130958400
7220.050	0.000141611500
7222.480	0.000126307300
7224.910	0.000146629800
7227.350	0.000156968300
7229.780	0.000154310000
7232.220	0.000136224600
7234.650	0.000135294100
7237.080	0.000148280200
7239.520	0.000147227100
7241.950	0.000098322830
7244.380	0.000144483300
7246.820	0.000169877200
7249.250	0.000116331900
7251.680	0.000135624400
7254.120	0.000085214940
7256.550	0.000085142140
7258.980	0.000122195100
7261.420	0.000156006900
7263.850	0.000142596900
7266.290	0.000107806500
7268.720	0.000136735700
7271.150	0.000117550900
7273.590	0.000104476900
7276.020	0.000105859000
7278.450	0.000142959400
7280.890	0.000096003510
7283.320	0.000109742400
7285.750	0.000106203200
7288.190	0.000103871200
7290.620	0.000092391690
7293.050	0.000105147900
7295.490	0.000112278600
7297.920	0.000101815300
7300.360	0.000136185200
7302.790	0.000145877000
7305.220	0.000085210290
7307.660	0.000085346080
7310.090	0.000097176740
7312.520	0.000083988370
7314.960	0.000126616000
7317.390	0.000113541800
7319.820	0.000093472150
7322.260	0.000094330300
7324.690	0.000117896000
7327.120	0.000109539400
7329.560	0.000068338740
7331.990	0.000080567330
7334.430	0.000083610320
7336.860	0.000080111370
7339.290	0.000101642100
7341.730	0.000114328300
7344.160	0.000113638300
7346.590	0.000115908000
7349.030	0.000123248600
7351.460	0.000106193500
7353.890	0.000095705050
7356.330	0.000078724000
7358.760	0.000061818020
7361.190	0.000094415510
7363.630	0.000115652000
7366.060	0.000105424300
7368.500	0.000054421710
7370.930	0.000077982090
7373.360	0.000100171200
7375.800	0.000054334630
7378.230	0.000086942500
7380.660	0.000103492600
7383.100	0.000052370480
7385.530	0.000054769970
7387.960	0.000085175310
7390.400	0.000080820060
7392.830	0.000060923560
7395.260	0.000076984030
7397.700	0.000071184810
7400.130	0.000082913910
7402.570	0.000057682810
7405.000	0.000078393490
7407.430	0.000100997100
7409.870	0.000103715200
7412.300	0.000093266830
7414.730	0.000092844200
7417.170	0.000117202600
7419.600	0.000099536720
7422.030	0.000076655940
7424.470	0.000106522000
7426.900	0.000100477400
7429.330	0.000043093690
7431.770	0.000031004130
7434.200	0.000093062000
7436.640	0.000087877120
7439.070	0.000058527110
7441.500	0.000058982320
7443.940	0.000077471250
7446.370	0.000097066030
7448.800	0.000097239290
7451.240	0.000087337670
7453.670	0.000089686360
7456.100	0.000038046270
7458.540	0.000069165860
7460.970	0.000097260910
7463.400	0.000060080000
7465.840	0.000039199100
7468.270	0.000045809330
7470.710	0.000054584620
7473.140	0.000065297430
7475.570	0.000080423360
7478.010	0.000088643710
7480.440	0.000070105710
7482.870	0.000088279760
7485.310	0.000068826210
7487.740	0.000059913930
7490.170	0.000067034340
7492.610	0.000042058700
7495.040	0.000042340030
7497.470	0.000082812760
7499.910	0.000117011000
7502.340	0.000106435400
7504.780	0.000055381320
7507.210	0.000029281570
7509.640	0.000078653890
7512.080	0.000087015630
7514.510	0.000055420770
7516.940	0.000046218280
7519.380	0.000060240720
7521.810	0.000055567520
7524.240	0.000013831250
7526.680	0.000019491870
7529.110	0.000063435900
7531.540	0.000108330200
7533.980	0.000054588350
7536.410	0.000020125460
7538.850	0.000042815230
7541.280	0.000080935090
7543.710	0.000103368000
7546.150	0.000072704850
7548.580	0.000064837540
7551.010	0.000074785820
7553.450	0.000091104630
7555.880	0.000079183160
7558.310	0.000036170860
7560.750	0.000047445820
7563.180	0.000077037020
7565.610	0.000046596990
7568.050	0.000027654710
7570.480	0.000077498710
7572.910	0.000057555880
7575.350	0.000078388580
7577.780	0.000067661120
7580.220	0.000070420950
7582.650	0.000031695350
7585.080	0.000051969430
7587.520	0.000046042090
7589.950	0.000058578650
7592.380	0.000063902310
7594.820	0.000031461510
7597.250	0.000062143800
7599.680	0.000064946330
7602.120	0.000024513180
7604.550	0.000032971810
7606.980	0.000053974670
7609.420	0.000055367680
7611.850	0.000046622090
7614.290	0.000012452890
7616.720	0.000022813020
7619.150	0.000056581760
7621.590	0.000096856480
7624.020	0.000081471650
7626.450	0.000052706570
7628.890	0.000031351830
7631.320	0.000030527100
7633.750	0.000063706390
7636.190	0.000058634360
7638.620	0.000073079880
7641.050	0.000052574430
7643.490	0.000046310680
7645.920	0.000064543540
7648.360	0.000061515990
7650.790	0.000046226210
7653.220	0.000056629890
7655.660	0.000061770720
7658.090	0.000057864760
7660.520	0.000057723210
7662.960	0.000075885090
7665.390	0.000075351370
7667.820	0.000067232340
7670.260	0.000093135030
7672.690	0.000051431480
7675.120	0.000062264310
7677.560	0.000072121250
7679.990	0.000060918160
7682.430	0.000066758880
7684.860	0.000066682170
7687.290	0.000067383290
7689.730	0.000073900800
7692.160	0.000048717680
7694.590	0.000058869210
7697.030	0.000084783820
7699.460	0.000039256150
7701.890	0.000081892670
7704.330	0.000088575590
7706.760	0.000052497030
7709.190	0.000061132710
7711.630	0.000079700950
7714.060	0.000086078220
7716.500	0.000081932380
7718.930	0.000052742900
7721.360	0.000055210870
7723.800	0.000116959900
7726.230	0.000075079920
7728.660	0.000064553500
7731.100	0.000077707740
7733.530	0.000074671880
7735.960	0.000095229150
7738.400	0.000068609410
7740.830	0.000027741270
7743.260	0.000028569990
7745.700	0.000071738500
7748.130	0.000053612340
7750.570	0.000049987820
7753.000	0.000066262430
7755.430	0.000070540620
7757.870	0.000061472110
7760.300	0.000101331200
7762.730	0.000072851680
7765.170	0.000079985020
7767.600	0.000065308850
7770.030	0.000113719100
7772.470	0.000129942000
7774.900	0.000123451100
7777.330	0.000073493780
7779.770	0.000090839700
7782.200	0.000092838370
7784.640	0.000111185200
7787.070	0.000072096770
7789.500	0.000053472260
7791.940	0.000144916400
7794.370	0.000105633000
7796.800	0.000078819030
7799.240	0.000104856800
7801.670	0.000097891450
7804.100	0.000086711360
7806.540	0.000087848670
7808.970	0.000106752100
7811.400	0.000070329480
7813.840	0.000057164080
7816.270	0.000092233650
7818.710	0.000122835600
7821.140	0.000126083700
7823.570	0.000082265560
7826.010	0.000066913690
7828.440	0.000115699400
7830.870	0.000113968900
7833.310	0.000094958500
7835.740	0.000138731300
7838.170	0.000100866500
7840.610	0.000085613560
7843.040	0.000105903700
7845.470	0.000068270940
7847.910	0.000060062260
7850.340	0.000106678500
7852.780	0.000076121150
7855.210	0.000083295000
7857.640	0.000102084700
7860.080	0.000114495200
7862.510	0.000147952200
7864.940	0.000146234900
7867.380	0.000146138700
7869.810	0.000155918200
7872.240	0.000146630100
7874.680	0.000093256630
7877.110	0.000098128080
7879.540	0.000079719800
7881.980	0.000099359580
7884.410	0.000109558900
7886.850	0.000164235200
7889.280	0.000111280700
7891.710	0.000107083600
7894.150	0.000158596300
7896.580	0.000140040300
7899.010	0.000114631400
7901.450	0.000074307510
7903.880	0.000119245100
7906.310	0.000123789300
7908.750	0.000168047700
7911.180	0.000112650200
7913.610	0.000115298600
7916.050	0.000162663500
7918.480	0.000177874400
7920.920	0.000142584500
7923.350	0.000130642800
7925.780	0.000070234270
7928.220	0.000143883800
7930.650	0.000177232900
7933.080	0.000139904000
7935.520	0.000198506200
7937.950	0.000171121300
7940.380	0.000154211100
7942.820	0.000161017100
7945.250	0.000161245700
7947.680	0.000129150700
7950.120	0.000123008500
7952.550	0.000125547600
7954.980	0.000169462100
7957.420	0.000162839900
7959.850	0.000176192600
7962.290	0.000159951700
7964.720	0.000189177100
7967.150	0.000211894100
7969.590	0.000197456000
7972.020	0.000144973400
7974.450	0.000198742000
7976.890	0.000221033400
7979.320	0.000193749500
7981.750	0.000208710400
7984.190	0.000192236100
7986.620	0.000230810300
7989.050	0.000243092600
7991.490	0.000200710500
7993.920	0.000211294100
7996.360	0.000223066400
7998.790	0.000187149500
8001.220	0.000178284400
8003.660	0.000192164700
8006.090	0.000228458500
8008.520	0.000282559100
8010.960	0.000236076400
8013.390	0.000198150600
8015.820	0.000248575300
8018.260	0.000275350400
8020.690	0.000268444200
8023.120	0.000237210300
8025.560	0.000259525100
8027.990	0.000240299700
8030.430	0.000250721400
8032.860	0.000292431900
8035.290	0.000315213100
8037.730	0.000217029700
8040.160	0.000259459000
8042.590	0.000253875200
8045.030	0.000251985300
8047.460	0.000275033500
8049.890	0.000291620500
8052.330	0.000256793900
8054.760	0.000301977000
8057.190	0.000324869500
8059.630	0.000310665100
8062.060	0.000263097100
8064.500	0.000244771800
8066.930	0.000287392300
8069.360	0.000297166400
8071.800	0.000273657700
8074.230	0.000258247500
8076.660	0.000304774700
8079.100	0.000369787200
8081.530	0.000316689600
8083.960	0.000301060800
8086.400	0.000351480800
8088.830	0.000350257000
8091.260	0.000317617700
8093.700	0.000365556300
8096.130	0.000341511200
8098.570	0.000358660500
8101.000	0.000371801800
8103.430	0.000343087100
8105.870	0.000313397000
8108.300	0.000328251300
8110.730	0.000354694600
8113.170	0.000314432100
8115.600	0.000349921300
8118.030	0.000371202800
8120.470	0.000398065900
8122.900	0.000366018500
8125.330	0.000387474900
8127.770	0.000373108200
8130.200	0.000337478600
8132.640	0.000372655000
8135.070	0.000356979800
8137.500	0.000317792100
8139.940	0.000346258800
8142.370	0.000387478400
8144.800	0.000365357700
8147.240	0.000374565300
8149.670	0.000413108700
8152.100	0.000395970200
8154.540	0.000367968800
8156.970	0.000363493000
8159.400	0.000398312300
8161.840	0.000406528800
8164.270	0.000388077700
8166.710	0.000376312200
8169.140	0.000379085200
8171.570	0.000436137100
8174.010	0.000436441700
8176.440	0.000401390600
8178.870	0.000395068600
8181.310	0.000396244200
8183.740	0.000419791100
8186.170	0.000460549000
8188.610	0.000457799800
8191.040	0.000370210700
8193.470	0.000387826800
8195.910	0.000408173800
8198.340	0.000389514800
8200.780	0.000390022800
8203.210	0.000405500500
8205.640	0.000437858500
8208.080	0.000438510200
8210.510	0.000441014800
8212.940	0.000449469700
8215.380	0.000445320300
8217.810	0.000404545600
8220.240	0.000455144400
8222.680	0.000503261800
8225.110	0.000457431800
8227.540	0.000533300000
8229.980	0.000476116500
8232.410	0.000463086500
8234.850	0.000422837100
8237.280	0.000473935000
8239.710	0.000462116300
8242.150	0.000471551900
8244.580	0.000516527200
8247.010	0.000461519800
8249.450	0.000487926900