1177 1
230	14.63022
234	15.06217
240	15.67841
246	16.31549
252	16.86565
257	17.25874
260	17.53907
264	17.87962
269	18.24792
274	18.64521
279	19.03012
284	19.43929
290	19.86684
296	20.27628
301	20.60668
308	21.05058
318	21.65135
328	22.21642
338	22.7474
348	23.24834
357	23.6751
366	24.08112
375	24.46647
385	24.8733
395	25.2591
405	25.62532
414	25.93961
422	26.20701
430	26.46386
441	26.80222
451	27.09467
460	27.34612
470	27.61382
480	27.86981
490	28.11486
500	28.34937
506	30.00486
512	30.39389
520	30.528
530	30.71407
540	30.82922
550	31.02448
560	31.16386
570	31.30596
580	31.37745
590	31.54805
600	31.68198
610	31.80448
620	31.91141
630	32.02385
640	32.11973
650	32.22579
658	32.30673
665	32.36944
675	32.45696
685	32.54913
695	32.6411
705	32.72467
716	32.81141
726	32.89069
735	32.95718
745	33.03495
755	33.10852
765	33.17609
775	33.24744
785	33.31371
795	33.37605
805	33.43895
815	33.49666
825	33.55796
835	33.60774
845	33.66811
855	33.72132
865	33.77654
875	33.82844
885	33.88215
895	33.93087
905	33.97028
915	34.44242
925	35.00578
935	35.36158
945	36.17628
955	36.86401
965	37.03535
975	36.33366
985	37.37079
995	37.42464
1005	37.50393
1015	37.30475
1025	36.03419
1035	37.09066
1045	37.5616
1055	37.6172
1065	37.56013
1075	37.62034
1085	37.55462
1095	37.61917
1105	37.60661
1115	37.58985
1125	37.58363
1135	37.62415
1145	37.58758
1155	37.59912
1165	37.62537
1175	37.57937
1185	37.5878
1195	37.32874
1205	37.14621
1215	36.10888
1225	37.07869
1235	37.50958
1245	37.59859
1255	37.59803
1265	37.49458
1275	37.61878
1285	37.6402
1295	37.58844
1305	37.56429
1315	37.62458
1325	37.612
1335	37.57394
1345	37.62305
1355	37.60333
1365	37.57219
1375	37.58638
1385	37.59497
1395	37.58648
1405	37.59274
1415	37.56929
1425	37.57261
1435	37.56161
1442	37.57496
1447	37.57894
1455	37.57007
1465	37.55322
1475	37.54288
1485	37.5394
1495	37.54052
1505	37.53285
1512	37.51081
1517	37.52633
1525	37.50549
1535	37.47947
1545	37.51152
1555	37.48483
1565	37.46914
1575	37.47983
1585	37.49033
1595	37.49813
1605	37.47538
1615	37.47521
1625	37.45251
1635	37.46013
1645	37.45792
1655	37.42374
1665	37.45607
1672	37.4271
1677	37.43889
1685	37.45122
1695	37.43348
1705	37.41798
1715	37.40379
1725	37.39731
1735	37.41108
1745	37.3974
1755	37.4133
1765	37.37627
1775	37.39814
1785	37.39506
1795	37.40321
1805	37.39601
1815	37.38188
1825	37.37903
1835	37.36642
1845	37.34659
1855	37.33912
1865	37.34074
1875	37.358
1885	37.33757
1895	37.32435
1905	37.33757
1915	37.3228
1925	37.31817
1935	37.31944
1945	37.32736
1955	37.3085
1967	37.32281
1976	37.32435
1984	37.31031
1995	37.29481
2005	37.29914
2015	37.28646
2025	37.29762
2035	37.28493
2045	37.28601
2055	37.26822
2065	37.27105
2074	37.27631
2078	37.27015
2085	37.27463
2095	37.25816
2105	37.26093
2115	37.25748
2125	37.25849
2135	37.24022
2145	37.24511
2155	37.24579
2165	37.23093
2175	37.22636
2185	37.22041
2195	37.2304
2205	37.21598
2215	37.20221
2225	37.18847
2235	37.20859
2245	37.19112
2255	37.18029
2265	37.18078
2275	37.18787
2285	37.18985
2295	37.17478
2305	37.16762
2315	37.15766
2325	37.10048
2335	37.1427
2345	37.12408
2355	37.13764
2365	37.11789
2375	37.1244
2385	37.10185
2395	37.11958
2405	37.10381
2415	37.10587
2425	37.11219
2435	37.09398
2445	37.10735
2455	37.09862
2465	37.09302
2475	37.08205
2485	37.09651
2495	37.08421
2505	37.09722
2513	37.08002
2518	37.08437
2525	37.06503
2535	37.06226
2545	37.05733
2555	37.06917
2565	37.06347
2575	37.07418
2585	37.0729
2595	37.06974
2605	37.0564
2615	37.05298
2625	37.05315
2635	37.05395
2645	37.06963
2655	37.06641
2665	37.05239
2675	37.05745
2685	37.05387
2695	37.04497
2705	37.04407
2715	37.03231
2725	37.02868
2735	37.0365
2745	37.01054
2755	37.00801
2765	37.01516
2775	37.02077
2785	37.01574
2795	36.97314
2805	36.98935
2815	37.01287
2825	37.00969
2835	36.99936
2845	36.98988
2855	36.98825
2865	36.99645
2875	36.99106
2885	36.99069
2895	36.98919
2910	36.99468
2930	36.98264
2950	36.97497
2970	36.97154
2990	36.96598
3010	36.9644
3030	36.95974
3050	36.95384
3070	36.94776
3090	36.9444
3110	36.93869
3130	36.93147
3150	36.92645
3170	36.92277
3190	36.91027
3210	36.91071
3230	36.90206
3250	36.90386
3270	36.90358
3290	36.89812
3310	36.89203
3330	36.88662
3350	36.879
3370	36.86787
3390	36.86561
3410	36.86327
3430	36.86087
3450	36.85722
3470	36.85284
3490	36.85101
3510	36.84969
3530	36.84062
3550	36.84145
3570	36.82464
3590	36.82005
3610	36.82373
3630	36.82087
3640	36.82063
3650	36.82481
3670	36.81913
3690	36.79172
3710	36.80805
3730	36.79522
3750	36.86155
3770	36.87643
3790	36.92477
3810	36.96373
3830	36.87848
3850	36.97701
3870	37.00426
3890	36.85177
3910	37.01063
3930	36.99092
3950	36.99457
3970	36.80898
3990	36.99456
4010	37.01957
4030	37.01139
4050	37.01083
4070	36.99666
4090	36.9451
4110	36.87132
4130	36.97823
4150	36.98444
4170	36.98279
4190	36.97713
4210	36.97404
4230	36.96912
4250	36.96398
4270	36.9534
4290	36.94196
4310	36.91721
4330	36.87511
4350	36.82953
4370	36.93106
4390	36.92498
4410	36.93121
4430	36.93473
4450	36.93157
4470	36.92633
4490	36.92876
4510	36.93853
4530	36.92237
4550	36.9208
4570	36.92567
4590	36.91526
4610	36.91682
4630	36.91032
4650	36.90855
4670	36.90803
4690	36.90262
4710	36.89342
4730	36.89631
4750	36.89621
4770	36.89335
4790	36.88819
4810	36.88175
4830	36.87405
4850	36.82171
4870	36.76686
4890	36.85735
4910	36.86219
4930	36.85585
4950	36.86401
4970	36.86029
4990	36.84695
5010	36.83542
5030	36.84236
5050	36.8373
5070	36.84311
5090	36.83187
5110	36.83126
5130	36.82354
5150	36.81577
5170	36.80818
5190	36.81004
5210	36.81031
5230	36.81161
5250	36.8129
5270	36.79497
5290	36.80906
5310	36.81318
5330	36.79562
5350	36.80568
5370	36.80259
5390	36.79561
5410	36.79
5430	36.78878
5450	36.79413
5470	36.78671
5490	36.78363
5510	36.78069
5530	36.78161
5550	36.7817
5570	36.77522
5590	36.76926
5610	36.77272
5630	36.76958
5650	36.76738
5670	36.76027
5690	36.76297
5710	36.75356
5730	36.76474
5750	36.75651
5770	36.75648
5790	36.74759
5810	36.75117
5830	36.75297
5850	36.74534
5870	36.74145
5890	36.72838
5910	36.73702
5930	36.73515
5950	36.73255
5970	36.73328
5990	36.72764
6010	36.72213
6030	36.72321
6050	36.72454
6070	36.72025
6090	36.71216
6110	36.71003
6130	36.69897
6150	36.70182
6170	36.69379
6190	36.70097
6210	36.69823
6230	36.68974
6250	36.68008
6270	36.68832
6290	36.68761
6310	36.68014
6330	36.68102
6350	36.67952
6370	36.6769
6390	36.6764
6410	36.66978
6430	36.66961
6450	36.66758
6470	36.66406
6490	36.65608
6510	36.66026
6530	36.65703
6550	36.63507
6570	36.5926
6590	36.64374
6610	36.64896
6630	36.64855
6650	36.64628
6670	36.64067
6690	36.64486
6710	36.63681
6730	36.6405
6750	36.63507
6770	36.63445
6790	36.63147
6810	36.62885
6830	36.62893
6850	36.62125
6870	36.6221
6890	36.62303
6910	36.6189
6930	36.61571
6950	36.61091
6970	36.61067
6990	36.60712
7010	36.59998
7030	36.60217
7050	36.60244
7070	36.59684
7090	36.59547
7110	36.5924
7130	36.58729
7150	36.58552
7170	36.58585
7190	36.57632
7210	36.57946
7230	36.58072
7250	36.57921
7270	36.57675
7290	36.56875
7310	36.57049
7330	36.56929
7350	36.56721
7370	36.5689
7390	36.56204
7410	36.55556
7430	36.55906
7450	36.55852
7470	36.5573
7490	36.5541
7510	36.55383
7530	36.55339
7550	36.55325
7570	36.54958
7590	36.54695
7610	36.54575
7630	36.54451
7650	36.54374
7670	36.53501
7690	36.54039
7710	36.53309
7730	36.53347
7750	36.52961
7770	36.53206
7790	36.53042
7810	36.52955
7830	36.52526
7850	36.52242
7870	36.52229
7890	36.51567
7910	36.50835
7930	36.50626
7950	36.50187
7970	36.50841
7990	36.50597
8010	36.50879
8030	36.50798
8050	36.50431
8070	36.50359
8090	36.49889
8110	36.49879
8130	36.4982
8150	36.49643
8170	36.49479
8190	36.48878
8210	36.48757
8230	36.48671
8250	36.48693
8270	36.48718
8290	36.48469
8310	36.4796
8330	36.47563
8350	36.47658
8370	36.47442
8390	36.46563
8410	36.46992
8430	36.46348
8450	36.46637
8470	36.46
8490	36.46121
8510	36.44231
8530	36.45949
8550	36.40895
8570	36.46343
8590	36.45121
8610	36.44732
8630	36.46025
8650	36.45274
8670	36.39927
8690	36.44841
8710	36.45583
8730	36.45044
8750	36.42583
8770	36.44384
8790	36.44986
8810	36.44606
8830	36.44338
8850	36.43289
8870	36.4148
8890	36.43859
8910	36.44252
8930	36.43948
8950	36.43653
8970	36.43546
8990	36.43037
9010	36.4012
9030	36.41497
9050	36.42855
9070	36.42722
9090	36.4203
9110	36.42336
9130	36.42321
9150	36.4218
9170	36.4196
9190	36.41762
9210	36.40596
9230	36.3853
9250	36.40022
9270	36.40744
9290	36.40856
9310	36.40885
9330	36.40704
9350	36.40465
9370	36.40022
9390	36.40168
9410	36.39453
9430	36.39829
9450	36.39411
9470	36.39443
9490	36.39231
9510	36.38834
9530	36.37919
9550	36.35823
9570	36.37582
9590	36.38224
9610	36.38
9630	36.37873
9650	36.37451
9670	36.37361
9690	36.37481
9710	36.37205
9730	36.37014
9750	36.36764
9770	36.36701
9790	36.3633
9810	36.36506
9830	36.36361
9850	36.36217
9870	36.35919
9890	36.35732
9910	36.35606
9930	36.355
9950	36.35339
9970	36.35173
9990	36.34917
10025	36.33762
10075	36.32924
10125	36.33529
10175	36.32998
10225	36.3275
10275	36.32517
10325	36.31732
10375	36.31337
10425	36.31178
10475	36.3059
10525	36.304
10575	36.29839
10625	36.29412
10675	36.28667
10725	36.28504
10775	36.27934
10825	36.27293
10875	36.26937
10925	36.2582
10975	36.2586
11025	36.26185
11075	36.2594
11125	36.25458
11175	36.24949
11225	36.24749
11275	36.24047
11325	36.23753
11375	36.23314
11425	36.22731
11475	36.22819
11525	36.22456
11575	36.21899
11625	36.21175
11675	36.20995
11725	36.20978
11775	36.202
11825	36.19852
11875	36.19187
11925	36.19477
11975	36.18286
12025	36.18521
12075	36.17965
12125	36.17754
12175	36.17609
12225	36.17209
12275	36.16733
12325	36.16451
12375	36.16074
12425	36.1571
12475	36.15434
12525	36.14957
12575	36.14651
12625	36.14265
12675	36.13815
12725	36.13596
12775	36.13168
12825	36.11329
12875	36.1228
12925	36.11979
12975	36.11942
13025	36.11469
13075	36.11292
13125	36.10679
13175	36.10329
13225	36.10207
13275	36.09521
13325	36.0949
13375	36.09078
13425	36.09024
13475	36.08655
13525	36.08362
13575	36.07708
13625	36.07401
13675	36.07237
13725	36.07024
13775	36.06702
13825	36.0647
13875	36.05997
13925	36.0593
13975	36.05674
14025	36.05035
14075	36.05074
14125	36.04547
14175	36.0456
14225	36.03841
14275	36.03349
14325	36.03551
14375	36.0347
14425	36.02402
14475	36.02854
14525	36.02151
14570	36.02135
14620	36.01995
14675	36.0175
14725	36.01072
14775	36.01007
14825	36.00784
14875	36.0023
14925	36.00537
14975	35.99972
15025	35.99475
15075	35.98975
15125	35.99322
15175	35.9913
15225	35.98819
15275	35.98608
15325	35.9824
15375	35.98312
15425	35.97895
15475	35.97915
15525	35.97404
15575	35.96425
15625	35.97154
15675	35.96334
15725	35.96037
15775	35.9523
15825	35.95529
15875	35.93991
15925	35.95169
15975	35.94889
16050	35.94481
16150	35.93482
16250	35.93453
16350	35.9285
16450	35.91072
16550	35.91485
16650	35.90298
16750	35.89439
16850	35.87837
16950	35.88202
17050	35.86868
17150	35.86302
17250	35.85253
17350	35.83549
17450	35.83571
17550	35.82857
17650	35.82108
17750	35.812
17850	35.80524
17950	35.79724
18050	35.78754
18150	35.77366
18250	35.77008
18350	35.76385
18450	35.75395
18550	35.74815
18650	35.73745
18750	35.72113
18850	35.72388
18950	35.71001
19050	35.71007
19150	35.70131
19250	35.69429
19350	35.68353
19450	35.66908
19550	35.67021
19650	35.66304
19750	35.65456
19850	35.64814
19950	35.64105
20050	35.63644
20150	35.63018
20250	35.61981
20350	35.61146
20450	35.60841
20550	35.60065
20650	35.59187
20750	35.58544
20850	35.57876
20950	35.56976
21050	35.56557
21150	35.55768
21250	35.55079
21350	35.54523
21450	35.53824
21550	35.53118
21650	35.51707
21750	35.51527
21850	35.5093
21950	35.50396
22050	35.49456
22150	35.49076
22250	35.482
22350	35.47603
22450	35.46992
22550	35.46338
22650	35.45608
22750	35.45097
22850	35.44291
22950	35.39778
23050	35.41357
23150	35.40907
23250	35.36568
23350	35.38364
23450	35.38287
23550	35.33825
23650	35.35921
23750	35.35709
23850	35.31696
23950	35.33423
24050	35.33577
24150	35.30185
24250	35.31415
24350	35.31447
24450	35.29184
24550	35.28934
24650	35.29811
24750	35.28361
24850	35.26769
24950	35.27585
25050	35.28051
25150	35.25179
25250	35.2597
25350	35.25948
25450	35.24821
25550	35.24224
25650	35.23948
25750	35.23989
25850	35.22152
25950	35.2243
26050	35.22202
26150	35.21164
26250	35.20368
26350	35.2056
26450	35.20195
26550	35.19419
26650	35.18544
26750	35.18648
26850	35.18275
26950	35.17456
27050	35.17235
27150	35.16737
27250	35.16373
27350	35.15509
27450	35.15249
27550	35.14595
27650	35.14104
27750	35.13558
27850	35.13197
27950	35.12889
28050	35.12297
28150	35.11683
28250	35.11212
28350	35.1082
28450	35.10208
28550	35.09669
28650	35.09071
28750	35.08231
28850	35.08083
28950	35.07621
29050	35.0708
29150	35.06578
29250	35.05915
29350	35.05573
29450	35.04895
29550	35.0443
29650	35.0397
29750	35.03435
29850	35.02898
29950	35.02368
30050	35.01825
30150	35.01345
30250	35.00756
30350	34.998
30450	34.99617
30550	34.99163
30650	34.98635
30750	34.98198
30850	34.97604
30950	34.9708
31050	34.96647
31150	34.95897
31250	34.9557
31350	34.95082
31450	34.94564
31550	34.93943
31650	34.9349
31750	34.93035
31850	34.92521
31950	34.92043
32100	34.91243
32300	34.90247
32500	34.89227
32700	34.88201
32900	34.86943
33100	34.86152
33300	34.85163
33500	34.84276
33700	34.83261
33900	34.82226
34100	34.81241
34300	34.80405
34500	34.79481
34700	34.78506
34900	34.77573
35100	34.76655
35300	34.75644
35500	34.7478
35700	34.73812
35900	34.72897
36100	34.72028
36300	34.71139
36500	34.70117
36700	34.69218
36900	34.68182
37100	34.67307
37300	34.66455
37500	34.65288
37700	34.64794
37900	34.6391
38100	34.63039
38300	34.62238
38500	34.61441
38700	34.60511
38900	34.59658
39100	34.58798
39300	34.5803
39500	34.57108
39700	34.56341
39900	34.55315
40100	34.54544
40300	34.53776
40500	34.52757
40700	34.52163
40900	34.51388
41100	34.50611
41300	34.49829
41500	34.48966
41700	34.48037
41900	34.47325
42100	34.46466
42300	34.45881
42500	34.44988
42700	34.44283
42900	34.41719
43100	34.39429
43300	34.39766
43500	34.37135
43700	34.35945
43900	34.35206
44100	34.3254
44300	34.3232
44500	34.31342
44700	34.28993
44900	34.29596
45100	34.28283
45300	34.26418
45500	34.26623
45700	34.26147
45900	34.23937
46100	34.24592
46300	34.23526
46500	34.22901
46700	34.22589
46900	34.2197
47100	34.2097
47300	34.21295
47500	34.20289
47700	34.19691
47900	34.1909
48100	34.17995
48300	34.18417
48500	34.1745
48700	34.16507
48900	34.16119
49100	34.15363
49300	34.14749
49500	34.14051
49700	34.13731
49900	34.1302
50100	34.12656
50300	34.12041
50500	34.10926
50700	34.10531
50900	34.10086
51100	34.09147
51300	34.08668
51500	34.08062
51700	34.08083
51900	34.07091
52100	34.06513
52300	34.0584
52500	34.05568
52700	34.05496
52900	34.04173
53100	34.03618
53300	34.03302
53500	34.02754
53700	34.02271
53900	34.01796
54100	34.01225
54300	34.00367
54500	34.00227
54700	33.99479
54900	33.98991
55100	33.98364
55300	33.98577
55500	33.97221
55700	33.97312
55900	33.96438
56100	33.96144
56300	33.95255
56500	33.95125
56700	33.94553
56900	33.93683
57100	33.93588
57300	33.93029
57500	33.92508
57700	33.91863
57900	33.91615
58100	33.90874
58300	33.90407
58500	33.89936
58700	33.89208
58900	33.88747
59100	33.88155
59300	33.87825
59500	33.87199
59700	33.86862
59900	33.8633
60100	33.8583
60300	33.85299
60500	33.84616
60700	33.84137
60900	33.83617
61100	33.83016
61300	33.82608
61500	33.82133
61700	33.81739
61900	33.8121
62100	33.80756
62300	33.80129
62500	33.79512
62700	33.79041
62900	33.78545
63100	33.78012
63300	33.77651
63500	33.77057
63700	33.76709
63900	33.75989
64200	33.7534
64600	33.74287
65000	33.73309
65400	33.72291
65800	33.71358
66200	33.70317
66600	33.69348
67000	33.68384
67400	33.6736
67800	33.66399
68200	33.65416
68600	33.64475
69000	33.63476
69400	33.62518
69800	33.61562
70200	33.60583
70600	33.59652
71000	33.58691
71400	33.57759
71800	33.5681
72200	33.55873
72600	33.54934
73000	33.54008
73400	33.53074
73800	33.52175
74200	33.51225
74600	33.50193
75000	33.49315
75400	33.48505
75800	33.47634
76200	33.46737
76600	33.45852
77000	33.44957
77400	33.44082
77800	33.43214
78200	33.42334
78600	33.41461
79000	33.40609
79400	33.39751
79800	33.38886
80200	33.38028
80600	33.3718
81000	33.36341
81400	33.35489
81800	33.34669
82200	33.33855
82600	33.33013
83000	33.32195
83400	33.31353
83800	33.30551
84200	33.29745
84600	33.28939
85000	33.28143
85400	33.27327
85800	33.26532
86200	33.25743
86600	33.24952
87000	33.2417
87400	33.23379
87800	33.22607
88200	33.2182
88600	33.21061
89000	33.20278
89400	33.19524
89800	33.18748
90200	33.17998
90600	33.17249
91000	33.16478
91400	33.15742
91800	33.14991
92200	33.1425
92600	33.13527
93000	33.12775
93400	33.1205
93800	33.11313
94200	33.10584
94600	33.09853
95000	33.0914
95400	33.08437
95800	33.07713
96200	33.07
96600	33.06292
97000	33.05595
97400	33.04858
97800	33.04173
98200	33.03481
98600	33.02793
99000	33.02097
99400	33.014
99800	33.00709
100200	33.00029
200000	31.8129
400000	30.62417
600000	29.96119
800000	29.54199
1000000	29.26161
1200000	29.05375
1400000	28.8714
1600000	28.67552