1221 1
91	38.33213
94	38.39997
96	38.44822
98	38.49114
100	38.51932
102	38.53769
104	38.54008
106	38.54096
108	38.54234
110	38.54493
114	38.54916
118	38.55253
121	38.55549
125	38.55867
127	38.56015
128	38.55927
131	38.5558
132	38.55462
134	38.54857
137	38.53704
140	38.52667
143	38.51828
147	38.50389
151	38.49096
155	38.47844
159	38.46407
162	38.45506
166	38.44103
170	38.42726
173	38.4177
177	38.40495
180	38.39914
182	38.39685
186	38.39549
191	38.39099
194	38.38735
198	38.38442
202	38.39211
205	38.40505
210	38.42947
216	38.51351
220	38.57968
223	38.68629
227	38.9391
230	39.55437
234	39.55223
240	39.54697
246	39.54296
252	39.53787
257	39.53388
260	39.53219
264	39.5414
269	39.53879
274	39.53666
279	39.52094
284	39.53028
290	39.53485
296	39.52116
301	39.5299
308	39.55136
318	39.53373
328	39.54347
338	39.53889
348	39.52813
357	39.61865
366	39.77832
375	39.76342
385	39.68657
395	39.85033
405	39.94903
414	39.94302
422	39.8945
430	39.87638
441	39.93822
451	39.94211
460	39.87895
470	39.88776
480	39.94296
490	39.85328
500	39.95621
506	39.85678
512	40.10377
520	40.07935
530	40.03637
540	39.9477
550	39.93521
560	40.05178
570	40.10931
580	40.09137
590	40.09321
600	39.98788
610	39.98734
620	40.09305
630	40.06266
640	40.09885
650	40.0739
658	40.02304
665	40.08068
675	40.10384
685	40.01195
695	40.08728
705	39.96256
716	40.09425
726	40.09212
735	40.08875
745	40.06427
755	40.05649
765	39.99603
775	40.04608
785	39.99802
795	40.03037
805	40.03387
815	40.02998
825	40.03291
835	39.90363
845	40.01019
855	39.99739
865	40.01017
875	40.00682
885	40.00396
895	40.00009
905	39.98319
915	39.99007
925	40.2994
935	40.47666
945	40.57334
955	40.62296
965	40.63839
975	40.24685
985	40.49566
995	40.48439
1005	40.5797
1015	40.59883
1025	40.47959
1035	40.54649
1045	40.6628
1055	40.63698
1065	40.55545
1075	40.58923
1085	40.53394
1095	40.59418
1105	40.5666
1115	40.55053
1125	40.48209
1135	40.55803
1145	40.53539
1155	40.5275
1165	40.50993
1175	40.31669
1185	40.48257
1195	40.43253
1205	40.36406
1215	40.31055
1225	40.41761
1235	40.47419
1245	40.47309
1255	40.45767
1265	40.453
1275	40.48366
1285	40.48512
1295	40.41922
1305	40.42409
1315	40.47303
1325	40.44875
1335	40.42274
1345	40.44613
1355	40.43114
1365	40.39831
1375	40.38826
1385	40.3769
1395	40.22643
1405	40.21095
1415	40.34091
1425	40.32294
1435	40.34359
1442	40.3433
1447	40.34059
1455	40.32259
1465	40.29681
1475	40.30419
1485	40.30442
1495	40.29447
1505	40.26839
1512	40.2344
1517	40.24599
1525	40.24205
1535	40.17278
1545	40.1067
1555	40.11223
1565	40.16929
1575	40.19545
1585	40.20254
1595	40.19908
1605	40.1907
1615	40.18018
1625	40.17466
1635	40.19246
1645	40.19123
1655	40.18254
1665	40.18955
1672	40.15762
1677	40.20823
1685	40.19813
1695	40.17641
1705	40.16715
1715	40.14065
1725	40.13079
1735	40.14972
1745	40.14068
1755	40.14411
1765	40.13139
1775	40.11245
1785	40.12173
1795	40.12556
1805	40.1265
1815	40.0901
1825	40.09779
1835	40.08763
1845	40.05769
1855	40.05829
1865	40.06218
1875	40.07516
1885	40.03832
1895	40.01889
1905	40.04493
1915	40.02033
1925	39.99935
1935	40.02498
1945	40.02976
1955	39.98877
1967	40.01947
1976	40.02956
1984	40.00753
1995	39.99687
2005	40.01024
2015	40.00133
2025	40.01095
2035	39.97981
2045	39.98458
2055	39.92986
2065	39.94897
2074	39.99095
2078	39.957
2085	39.97186
2095	39.9493
2105	39.95641
2115	39.96016
2125	39.95789
2135	39.94829
2145	39.93433
2155	39.94526
2165	39.93602
2175	39.93446
2185	39.9198
2195	39.92844
2205	39.92259
2215	39.91012
2225	39.9014
2235	39.90093
2245	39.89667
2255	39.88316
2265	39.88791
2275	39.88551
2285	39.88173
2295	39.85299
2305	39.86328
2315	39.8507
2325	39.79899
2335	39.83375
2345	39.83321
2355	39.83097
2365	39.82202
2375	39.81512
2385	39.80301
2395	39.80812
2405	39.79891
2415	39.79853
2425	39.7995
2435	39.78693
2445	39.79046
2455	39.78637
2465	39.78014
2475	39.77229
2485	39.76575
2495	39.68648
2505	39.75233
2513	39.73473
2518	39.75037
2525	39.746
2535	39.74411
2545	39.73314
2555	39.73656
2565	39.73155
2575	39.73339
2585	39.72827
2595	39.72249
2605	39.71749
2615	39.7104
2625	39.7095
2635	39.70763
2645	39.7069
2655	39.70466
2665	39.6884
2675	39.68858
2685	39.68721
2695	39.67521
2705	39.67059
2715	39.66636
2725	39.66554
2735	39.66223
2745	39.65171
2755	39.64897
2765	39.64664
2775	39.64972
2785	39.64317
2795	39.62197
2805	39.62845
2815	39.6339
2825	39.6297
2835	39.61459
2845	39.61516
2855	39.61055
2865	39.61148
2875	39.60636
2885	39.6031
2895	39.5978
2910	39.59384
2930	39.58773
2950	39.57716
2970	39.57138
2990	39.56292
3010	39.55254
3030	39.54863
3050	39.54298
3070	39.53655
3090	39.52665
3110	39.52242
3130	39.5137
3150	39.50901
3170	39.49979
3190	39.49169
3210	39.48608
3230	39.47974
3250	39.47504
3270	39.46682
3290	39.46124
3310	39.45521
3330	39.44778
3350	39.4394
3370	39.43237
3390	39.42645
3410	39.41964
3430	39.41049
3450	39.40429
3470	39.40028
3490	39.39457
3510	39.38984
3530	39.38501
3550	39.37973
3570	39.37371
3590	39.36559
3610	39.36013
3630	39.35612
3640	39.35386
3650	39.27258
3670	39.26518
3690	39.24714
3710	39.24644
3730	39.24067
3750	39.26973
3770	39.26741
3790	39.28608
3810	39.3038
3830	39.25441
3850	39.30357
3870	39.30269
3890	39.22838
3910	39.29828
3930	39.27803
3950	39.27886
3970	39.19184
3990	39.26966
4010	39.2718
4030	39.25803
4050	39.25989
4070	39.24358
4090	39.22001
4110	39.17393
4130	39.2237
4150	39.22396
4170	39.2203
4190	39.21647
4210	39.21095
4230	39.2022
4250	39.19551
4270	39.18266
4290	39.18065
4310	39.16687
4330	39.13923
4350	39.10801
4370	39.15674
4390	39.14986
4410	39.14659
4430	39.14317
4450	39.13957
4470	39.12802
4490	39.13001
4510	39.13114
4530	39.11842
4550	39.11303
4570	39.11468
4590	39.10457
4610	39.09987
4630	39.09133
4650	39.08296
4670	39.08505
4690	39.07867
4710	39.06652
4730	39.0689
4750	39.06567
4770	39.06229
4790	39.0562
4810	39.04824
4830	39.04412
4850	39.01579
4870	38.97199
4890	39.02776
4910	39.02544
4930	39.01327
4950	39.01483
4970	39.00932
4990	38.99846
5010	38.9806
5030	38.98766
5050	38.98002
5070	38.98242
5090	38.97321
5110	38.9696
5130	38.95871
5150	38.95293
5170	38.94433
5190	38.94238
5210	38.93811
5230	38.94293
5250	38.94162
5270	38.92699
5290	38.93644
5310	38.93578
5330	38.92057
5350	38.92523
5370	38.92159
5390	38.91335
5410	38.90744
5430	38.90435
5450	38.8998
5470	38.89299
5490	38.88935
5510	38.884
5530	38.88626
5550	38.88464
5570	38.88069
5590	38.87468
5610	38.87127
5630	38.8659
5650	38.86359
5670	38.85709
5690	38.85888
5710	38.84769
5730	38.85698
5750	38.8445
5770	38.84447
5790	38.83563
5810	38.83965
5830	38.84274
5850	38.83384
5870	38.82274
5890	38.79576
5910	38.81735
5930	38.81753
5950	38.81327
5970	38.81659
5990	38.807
6010	38.80357
6030	38.80782
6050	38.80817
6070	38.80727
6090	38.79592
6110	38.79306
6130	38.78053
6150	38.78055
6170	38.76638
6190	38.77293
6210	38.7655
6230	38.75492
6250	38.74684
6270	38.75357
6290	38.75843
6310	38.74969
6330	38.75148
6350	38.745
6370	38.74254
6390	38.7454
6410	38.74012
6430	38.73868
6450	38.73577
6470	38.73397
6490	38.72368
6510	38.7304
6530	38.72525
6550	38.71228
6570	38.67837
6590	38.71643
6610	38.71907
6630	38.7152
6650	38.71418
6670	38.70138
6690	38.69657
6710	38.68317
6730	38.685
6750	38.67826
6770	38.67696
6790	38.66893
6810	38.67251
6830	38.67406
6850	38.66875
6870	38.67183
6890	38.67693
6910	38.67661
6930	38.67191
6950	38.67181
6970	38.67759
6990	38.67348
7010	38.67155
7030	38.67581
7050	38.68003
7070	38.6655
7090	38.64211
7110	38.61665
7130	38.608
7150	38.60749
7170	38.61045
7190	38.60632
7210	38.61056
7230	38.61757
7250	38.62495
7270	38.62864
7290	38.6267
7310	38.63639
7330	38.63903
7350	38.64177
7370	38.6518
7390	38.64783
7410	38.64986
7430	38.6516
7450	38.65342
7470	38.65351
7490	38.65242
7510	38.65834
7530	38.66359
7550	38.66361
7570	38.66129
7590	38.65715
7610	38.65313
7630	38.64009
7650	38.62859
7670	38.61289
7690	38.61265
7710	38.60738
7730	38.6025
7750	38.60201
7770	38.60109
7790	38.61082
7810	38.60837
7830	38.60205
7850	38.5909
7870	38.60309
7890	38.58903
7910	38.58337
7930	38.59014
7950	38.58556
7970	38.59861
7990	38.60168
8010	38.6085
8030	38.60686
8050	38.60846
8070	38.60771
8090	38.6028
8110	38.60384
8130	38.61415
8150	38.61501
8170	38.61992
8190	38.61512
8210	38.58652
8230	38.596
8250	38.59268
8270	38.59826
8290	38.59365
8310	38.57342
8330	38.5716
8350	38.57268
8370	38.57516
8390	38.56251
8410	38.57304
8430	38.5405
8450	38.51151
8470	38.51844
8490	38.51284
8510	38.49148
8530	38.50663
8550	38.44501
8570	38.53734
8590	38.53439
8610	38.54232
8630	38.55867
8650	38.54698
8670	38.46564
8690	38.54868
8710	38.57175
8730	38.57428
8750	38.55835
8770	38.57571
8790	38.58206
8810	38.57159
8830	38.5756
8850	38.58059
8870	38.56167
8890	38.58329
8910	38.59073
8930	38.57802
8950	38.57822
8970	38.58002
8990	38.58
9010	38.555
9030	38.57082
9050	38.58956
9070	38.58744
9090	38.57073
9110	38.57378
9130	38.58466
9150	38.57919
9170	38.5779
9190	38.58437
9210	38.5561
9230	38.53716
9250	38.54538
9270	38.54652
9290	38.54022
9310	38.54719
9330	38.54532
9350	38.54177
9370	38.53413
9390	38.54382
9410	38.53125
9430	38.54329
9450	38.53431
9470	38.5454
9490	38.54729
9510	38.54118
9530	38.54064
9550	38.51817
9570	38.53302
9590	38.54782
9610	38.54
9630	38.54242
9650	38.53183
9670	38.53041
9690	38.54109
9710	38.53439
9730	38.53282
9750	38.52967
9770	38.5317
9790	38.52368
9810	38.53797
9830	38.53012
9850	38.53746
9870	38.53396
9890	38.53238
9910	38.52877
9930	38.52933
9950	38.52753
9970	38.52874
9990	38.52616
10025	38.51654
10075	38.50602
10125	38.51264
10175	38.50479
10225	38.50303
10275	38.50143
10325	38.49094
10375	38.48475
10425	38.48488
10475	38.48083
10525	38.48005
10575	38.47155
10625	38.47088
10675	38.45868
10725	38.45778
10775	38.45259
10825	38.44387
10875	38.44331
10925	38.4397
10975	38.43686
11025	38.43787
11075	38.43404
11125	38.4299
11175	38.42368
11225	38.42109
11275	38.4115
11325	38.40868
11375	38.40378
11425	38.39784
11475	38.40215
11525	38.39878
11575	38.38995
11625	38.38136
11675	38.38028
11725	38.38285
11775	38.37261
11825	38.36878
11875	38.35854
11925	38.36559
11975	38.34584
12025	38.35629
12075	38.34859
12125	38.3473
12175	38.34708
12225	38.34247
12275	38.33734
12325	38.33189
12375	38.33126
12425	38.32584
12475	38.32349
12525	38.31723
12575	38.31577
12625	38.31242
12675	38.30532
12725	38.30527
12775	38.30526
12825	38.2822
12875	38.29318
12925	38.28295
12975	38.2907
13025	38.28096
13075	38.28522
13125	38.27261
13175	38.27321
13225	38.27333
13275	38.26395
13325	38.26886
13375	38.26144
13425	38.26585
13475	38.26109
13525	38.2596
13575	38.25111
13625	38.24834
13675	38.25002
13725	38.25096
13775	38.24722
13825	38.24819
13875	38.24096
13925	38.24409
13975	38.24403
14025	38.23477
14075	38.23965
14125	38.23156
14175	38.23629
14225	38.22883
14275	38.21791
14325	38.22812
14375	38.22742
14425	38.21326
14475	38.22251
14525	38.21663
14570	38.219
14620	38.20943
14675	38.20836
14725	38.19864
14775	38.20259
14825	38.2011
14875	38.19678
14925	38.20826
14975	38.19868
15025	38.19721
15075	38.19149
15125	38.19766
15175	38.19812
15225	38.19798
15275	38.20127
15325	38.19696
15375	38.20303
15425	38.19975
15475	38.19955
15525	38.19083
15575	38.15832
15625	38.17231
15675	38.17204
15725	38.19054
15775	38.13765
15825	38.14887
15875	38.1486
15925	38.16166
15975	38.14295
16050	38.14702
16150	38.14841
16250	38.1363
16350	38.15782
16450	38.11627
16550	38.14353
16650	38.10658
16750	38.12749
16850	38.0981
16950	38.11526
17050	38.09997
17150	38.1025
17250	38.09504
17350	38.07249
17450	38.08519
17550	38.06824
17650	38.0731
17750	38.05882
17850	38.05965
17950	38.05401
18050	38.03815
18150	38.04171
18250	38.03234
18350	38.0215
18450	38.01735
18550	38.01434
18650	38.00139
18750	37.99858
18850	37.99127
18950	37.97157
19050	37.98694
19150	37.97527
19250	37.97388
19350	37.95827
19450	37.95113
19550	37.95333
19650	37.94474
19750	37.93277
19850	37.9319
19950	37.92663
20050	37.92752
20150	37.92027
20250	37.90416
20350	37.90093
20450	37.90388
20550	37.89384
20650	37.88612
20750	37.88162
20850	37.87244
20950	37.86387
21050	37.86497
21150	37.85506
21250	37.8471
21350	37.8478
21450	37.84033
21550	37.83122
21650	37.8258
21750	37.81596
21850	37.81209
21950	37.80807
22050	37.79362
22150	37.79897
22250	37.78297
22350	37.77878
22450	37.77351
22550	37.77121
22650	37.75689
22750	37.76134
22850	37.74362
22950	37.65982
23050	37.69564
23150	37.68887
23250	37.6141
23350	37.65642
23450	37.62725
23550	37.55752
23650	37.61425
23750	37.58588
23850	37.53488
23950	37.58211
24050	37.56637
24150	37.51891
24250	37.55832
24350	37.54482
24450	37.51875
24550	37.52337
24650	37.53856
24750	37.52028
24850	37.49841
24950	37.51323
25050	37.5297
25150	37.48564
25250	37.51187
25350	37.50573
25450	37.50124
25550	37.49121
25650	37.4904
25750	37.4962
25850	37.47071
25950	37.47471
26050	37.48512
26150	37.47372
26250	37.46689
26350	37.47145
26450	37.46865
26550	37.46116
26650	37.45164
26750	37.46756
26850	37.46212
26950	37.44168
27050	37.45329
27150	37.44764
27250	37.45158
27350	37.42954
27450	37.43901
27550	37.44146
27650	37.43262
27750	37.41623
27850	37.42544
27950	37.42718
28050	37.42205
28150	37.40783
28250	37.41057
28350	37.41227
28450	37.40641
28550	37.39949
28650	37.39717
28750	37.39425
28850	37.39025
28950	37.38543
29050	37.38044
29150	37.37878
29250	37.36757
29350	37.37168
29450	37.36359
29550	37.35908
29650	37.35881
29750	37.35495
29850	37.34732
29950	37.3436
30050	37.33871
30150	37.33718
30250	37.33044
30350	37.32415
30450	37.3229
30550	37.31716
30650	37.31287
30750	37.30945
30850	37.30134
30950	37.29784
31050	37.29663
31150	37.28785
31250	37.28604
31350	37.28102
31450	37.27625
31550	37.27159
31650	37.2643
31750	37.26318
31850	37.2578
31950	37.25422
32100	37.24634
32300	37.23552
32500	37.22638
32700	37.21621
32900	37.20149
33100	37.19213
33300	37.18293
33500	37.17587
33700	37.1659
33900	37.1566
34100	37.14671
34300	37.13998
34500	37.13203
34700	37.1228
34900	37.11499
35100	37.10743
35300	37.09698
35500	37.09029
35700	37.08137
35900	37.07278
36100	37.06598
36300	37.05798
36500	37.04764
36700	37.03951
36900	37.02815
37100	37.01834
37300	37.01377
37500	37.00141
37700	36.99869
37900	36.99014
38100	36.98405
38300	36.9778
38500	36.97091
38700	36.96019
38900	36.95366
39100	36.94738
39300	36.94037
39500	36.92912
39700	36.92238
39900	36.91077
40100	36.90705
40300	36.90226
40500	36.89367
40700	36.88737
40900	36.88036
41100	36.8735
41300	36.86733
41500	36.85915
41700	36.85131
41900	36.8438
42100	36.8359
42300	36.83203
42500	36.82262
42700	36.81725
42900	36.78236
43100	36.74403
43300	36.75067
43500	36.72028
43700	36.70414
43900	36.68907
44100	36.66017
44300	36.65847
44500	36.64701
44700	36.61823
44900	36.62635
45100	36.61206
45300	36.59894
45500	36.60357
45700	36.59726
45900	36.58084
46100	36.59003
46300	36.57907
46500	36.57662
46700	36.57906
46900	36.56952
47100	36.56199
47300	36.56926
47500	36.55911
47700	36.55545
47900	36.55344
48100	36.54207
48300	36.55021
48500	36.54278
48700	36.53438
48900	36.5311
49100	36.52745
49300	36.52323
49500	36.51511
49700	36.5196
49900	36.51401
50100	36.51105
50300	36.50715
50500	36.49815
50700	36.4992
50900	36.49392
51100	36.48926
51300	36.48746
51500	36.48111
51700	36.4843
51900	36.4786
52100	36.47598
52300	36.47018
52500	36.46977
52700	36.47293
52900	36.46269
53100	36.45663
53300	36.45813
53500	36.45432
53700	36.45131
53900	36.44963
54100	36.44693
54300	36.44042
54500	36.44282
54700	36.43461
54900	36.436
55100	36.42876
55300	36.43753
55500	36.42484
55700	36.42726
55900	36.4217
56100	36.42385
56300	36.41515
56500	36.41696
56700	36.41349
56900	36.40572
57100	36.40859
57300	36.40597
57500	36.40198
57700	36.39928
57900	36.39927
58100	36.39481
58300	36.39241
58500	36.38946
58700	36.38404
58900	36.38264
59100	36.37941
59300	36.37848
59500	36.37347
59700	36.37354
59900	36.37084
60100	36.36785
60300	36.36468
60500	36.36021
60700	36.35801
60900	36.35459
61100	36.35167
61300	36.3505
61500	36.34867
61700	36.34761
61900	36.34368
62100	36.34254
62300	36.33821
62500	36.33397
62700	36.33154
62900	36.32953
63100	36.32684
63300	36.32615
63500	36.32254
63700	36.3219
63900	36.31699
64200	36.31466
64600	36.30865
65000	36.30399
65400	36.29888
65800	36.29479
66200	36.28951
66600	36.28495
67000	36.28046
67400	36.27523
67800	36.27074
68200	36.26592
68600	36.26196
69000	36.25713
69400	36.25287
69800	36.24844
70200	36.24398
70600	36.24009
71000	36.23561
71400	36.23169
71800	36.22742
72200	36.22359
72600	36.21941
73000	36.21553
73400	36.21157
73800	36.20783
74200	36.20355
74600	36.19967
75000	36.19618
75400	36.19261
75800	36.18944
76200	36.18603
76600	36.18256
77000	36.17904
77400	36.17578
77800	36.17253
78200	36.16922
78600	36.16609
79000	36.16296
79400	36.15985
79800	36.15688
80200	36.15361
80600	36.15072
81000	36.14803
81400	36.14508
81800	36.14241
82200	36.13965
82600	36.13684
83000	36.1342
83400	36.13145
83800	36.12888
84200	36.12652
84600	36.12386
85000	36.1214
85400	36.11904
85800	36.1167
86200	36.11443
86600	36.11217
87000	36.10988
87400	36.10767
87800	36.10539
88200	36.10319
88600	36.101
89000	36.099
89400	36.09696
89800	36.09478
90200	36.09292
90600	36.091
91000	36.08879
91400	36.0859
91800	36.08411
92200	36.08242
92600	36.08066
93000	36.07889
93400	36.07713
93800	36.07549
94200	36.07382
94600	36.07211
95000	36.07054
95400	36.069
95800	36.06747
96200	36.06591
96600	36.06442
97000	36.06292
97400	36.06125
97800	36.05997
98200	36.05859
98600	36.05719
99000	36.05585
99400	36.05447
99800	36.05315
100200	36.05183
200000	35.94824
400000	35.89096
600000	35.8326
800000	35.76558
1000000	35.68638
1200000	35.58946
1400000	35.46452
1600000	35.28843