1221 1
91	23.93662
94	24.3695
96	24.78068
98	25.02847
100	25.30753
102	25.65017
104	25.89318
106	26.12809
108	26.39517
110	26.72845
114	27.13823
118	27.54411
121	27.90401
125	28.23412
127	28.44649
128	28.5724
131	28.74685
132	28.90987
134	29.03024
137	29.23862
140	29.48588
143	29.73756
147	29.98664
151	30.24879
155	30.50815
159	30.7242
162	30.98415
166	31.20372
170	31.40991
173	31.55444
177	31.71978
180	31.88138
182	31.92427
186	32.13858
191	32.32934
194	32.46583
198	32.63932
202	32.73059
205	32.86619
210	33.04972
216	33.2223
220	33.33635
223	33.42007
227	37.56003
230	38.7645
234	38.77952
240	38.79947
246	38.81618
252	38.83412
257	38.85278
260	38.85901
264	38.92223
269	38.94609
274	38.96543
279	38.93631
284	39.00013
290	39.04594
296	39.03025
301	39.07679
308	39.15534
318	39.14646
328	39.19498
338	39.21107
348	39.21292
357	39.39507
366	39.64407
375	39.62982
385	39.53033
395	39.75412
405	39.87749
414	39.87312
422	39.81826
430	39.79929
441	39.87519
451	39.88218
460	39.81062
470	39.82192
480	39.8863
490	39.78294
500	39.90148
506	39.79018
512	40.05537
520	40.02913
530	39.98384
540	39.88709
550	39.86866
560	39.9961
570	40.05935
580	40.04234
590	40.04318
600	39.93249
610	39.92525
620	40.0396
630	40.0061
640	40.04768
650	40.01955
658	39.96666
665	40.02795
675	40.05203
685	39.95835
695	40.03245
705	39.90433
716	40.03766
726	40.03619
735	40.03276
745	40.00526
755	39.99634
765	39.92907
775	39.9825
785	39.9251
795	39.96232
805	39.96859
815	39.96471
825	39.96507
835	39.83548
845	39.94156
855	39.92691
865	39.93937
875	39.9343
885	39.92835
895	39.92276
905	39.90481
915	39.88541
925	40.10997
935	40.26256
945	40.33131
955	40.36852
965	40.39463
975	40.13149
985	40.29258
995	40.2431
1005	40.28085
1015	40.30323
1025	40.23327
1035	40.29388
1045	40.34224
1055	40.32133
1065	40.27099
1075	40.28159
1085	40.24669
1095	40.27122
1105	40.2531
1115	40.24448
1125	40.197
1135	40.23125
1145	40.22176
1155	40.19867
1165	40.17493
1175	40.04408
1185	40.14285
1195	40.11883
1205	40.10207
1215	40.0346
1225	40.08851
1235	40.1076
1245	40.10149
1255	40.09705
1265	40.10295
1275	40.11546
1285	40.11436
1295	40.09338
1305	40.08487
1315	40.10364
1325	40.08929
1335	40.07706
1345	40.07782
1355	40.06234
1365	40.04478
1375	40.02872
1385	40.01898
1395	39.88185
1405	39.81741
1415	39.99531
1425	39.96521
1435	39.98954
1442	39.97791
1447	39.97683
1455	39.95959
1465	39.95006
1475	39.95163
1485	39.95332
1495	39.94072
1505	39.92982
1512	39.91597
1517	39.91759
1525	39.90717
1535	39.85216
1545	39.74636
1555	39.76323
1565	39.83125
1575	39.85083
1585	39.85096
1595	39.84931
1605	39.82898
1615	39.81391
1625	39.81726
1635	39.8213
1645	39.81534
1655	39.81618
1665	39.81021
1672	39.78019
1677	39.83149
1685	39.81581
1695	39.80286
1705	39.79475
1715	39.77561
1725	39.7618
1735	39.774
1745	39.76916
1755	39.7629
1765	39.75387
1775	39.73865
1785	39.74336
1795	39.73391
1805	39.73079
1815	39.7163
1825	39.71059
1835	39.7073
1845	39.69278
1855	39.69405
1865	39.69233
1875	39.68451
1885	39.66666
1895	39.66101
1905	39.66693
1915	39.65481
1925	39.63305
1935	39.64989
1945	39.64949
1955	39.61877
1967	39.63231
1976	39.63398
1984	39.62407
1995	39.61399
2005	39.61765
2015	39.61223
2025	39.6106
2035	39.5944
2045	39.58939
2055	39.50153
2065	39.5334
2074	39.58551
2078	39.57237
2085	39.57391
2095	39.55958
2105	39.55781
2115	39.56111
2125	39.55316
2135	39.54884
2145	39.53889
2155	39.53893
2165	39.52402
2175	39.52683
2185	39.51552
2195	39.51905
2205	39.51254
2215	39.50016
2225	39.49845
2235	39.49346
2245	39.48728
2255	39.47674
2265	39.47744
2275	39.47406
2285	39.46474
2295	39.44521
2305	39.44851
2315	39.44388
2325	39.42827
2335	39.43532
2345	39.42987
2355	39.42217
2365	39.41559
2375	39.40691
2385	39.39174
2395	39.39585
2405	39.39223
2415	39.38911
2425	39.38793
2435	39.38002
2445	39.37698
2455	39.37141
2465	39.36695
2475	39.36251
2485	39.35147
2495	39.2724
2505	39.33703
2513	39.32056
2518	39.33183
2525	39.33463
2535	39.33289
2545	39.32645
2555	39.32266
2565	39.31815
2575	39.3143
2585	39.30983
2595	39.30172
2605	39.30049
2615	39.29275
2625	39.29119
2635	39.28824
2645	39.2826
2655	39.27951
2665	39.27122
2675	39.26371
2685	39.26417
2695	39.25626
2705	39.25378
2715	39.24861
2725	39.24596
2735	39.23553
2745	39.23749
2755	39.23289
2765	39.22832
2775	39.22675
2785	39.22001
2795	39.20889
2805	39.21035
2815	39.20947
2825	39.2048
2835	39.19782
2845	39.19646
2855	39.19159
2865	39.18695
2875	39.18344
2885	39.18066
2895	39.17688
2910	39.17075
2930	39.16588
2950	39.15758
2970	39.15057
2990	39.14194
3010	39.13363
3030	39.12676
3050	39.1227
3070	39.11675
3090	39.10995
3110	39.106
3130	39.09863
3150	39.09432
3170	39.08746
3190	39.08205
3210	39.07357
3230	39.07096
3250	39.06665
3270	39.0586
3290	39.05489
3310	39.04943
3330	39.04393
3350	39.035
3370	39.02881
3390	39.02293
3410	39.0155
3430	39.00924
3450	39.00317
3470	39.00073
3490	38.99667
3510	38.99292
3530	38.98882
3550	38.98475
3570	38.98095
3590	38.97623
3610	38.97188
3630	38.96847
3640	38.96466
3650	38.78129
3670	38.77411
3690	38.76178
3710	38.74615
3730	38.73815
3750	38.74282
3770	38.73608
3790	38.74287
3810	38.75013
3830	38.71946
3850	38.74572
3870	38.7401
3890	38.6938
3910	38.73472
3930	38.7232
3950	38.71632
3970	38.66335
3990	38.70553
4010	38.70105
4030	38.68999
4050	38.68846
4070	38.67546
4090	38.65527
4110	38.62601
4130	38.65579
4150	38.65211
4170	38.64862
4190	38.64274
4210	38.63537
4230	38.63073
4250	38.62219
4270	38.61341
4290	38.60834
4310	38.59825
4330	38.57653
4350	38.55379
4370	38.58068
4390	38.57473
4410	38.5697
4430	38.5657
4450	38.55944
4470	38.54906
4490	38.54807
4510	38.54036
4530	38.53529
4550	38.52701
4570	38.52493
4590	38.51762
4610	38.51189
4630	38.50431
4650	38.49091
4670	38.49363
4690	38.48318
4710	38.48075
4730	38.47988
4750	38.47408
4770	38.46986
4790	38.46369
4810	38.45717
4830	38.4505
4850	38.43285
4870	38.40374
4890	38.43297
4910	38.42864
4930	38.42015
4950	38.41758
4970	38.41371
4990	38.40781
5010	38.39709
5030	38.39568
5050	38.38918
5070	38.38593
5090	38.38034
5110	38.3746
5130	38.36839
5150	38.36304
5170	38.35811
5190	38.35303
5210	38.3475
5230	38.34253
5250	38.33674
5270	38.33066
5290	38.32703
5310	38.32142
5330	38.31614
5350	38.31106
5370	38.30595
5390	38.30054
5410	38.29187
5430	38.29019
5450	38.28507
5470	38.27969
5490	38.2746
5510	38.26928
5530	38.26427
5550	38.25954
5570	38.2541
5590	38.24838
5610	38.24428
5630	38.23933
5650	38.23362
5670	38.22805
5690	38.2196
5710	38.20699
5730	38.20308
5750	38.19859
5770	38.19625
5790	38.19473
5810	38.19427
5830	38.1919
5850	38.1897
5870	38.18055
5890	38.18039
5910	38.1772
5930	38.17302
5950	38.16885
5970	38.16577
5990	38.16149
6010	38.15775
6030	38.15352
6050	38.15011
6070	38.1462
6090	38.1428
6110	38.13863
6130	38.13495
6150	38.13055
6170	38.12682
6190	38.12411
6210	38.12054
6230	38.11617
6250	38.11256
6270	38.1094
6290	38.10592
6310	38.10138
6330	38.09871
6350	38.09433
6370	38.09123
6390	38.08793
6410	38.0837
6430	38.08104
6450	38.07707
6470	38.07333
6490	38.06986
6510	38.06641
6530	38.06188
6550	38.05322
6570	38.02742
6590	38.05082
6610	38.04971
6630	38.04684
6650	38.04349
6670	38.03831
6690	38.0346
6710	38.03338
6730	38.02986
6750	38.02692
6770	38.02416
6790	38.02032
6810	38.01772
6830	38.01453
6850	38.0114
6870	38.00821
6890	38.00402
6910	38.00168
6930	37.999
6950	37.99597
6970	37.99295
6990	37.98988
7010	37.98673
7030	37.9833
7050	37.9804
7070	37.97517
7090	37.97471
7110	37.97089
7130	37.96807
7150	37.96566
7170	37.96189
7190	37.95955
7210	37.95684
7230	37.95258
7250	37.95078
7270	37.9481
7290	37.944
7310	37.94212
7330	37.93938
7350	37.9366
7370	37.9337
7390	37.93084
7410	37.92789
7430	37.92514
7450	37.9222
7470	37.91915
7490	37.91616
7510	37.91391
7530	37.91115
7550	37.90856
7570	37.90572
7590	37.90181
7610	37.90008
7630	37.89759
7650	37.8949
7670	37.89223
7690	37.88921
7710	37.8867
7730	37.88386
7750	37.88143
7770	37.87843
7790	37.87633
7810	37.87372
7830	37.87111
7850	37.86797
7870	37.86538
7890	37.86273
7910	37.86046
7930	37.85788
7950	37.85528
7970	37.85274
7990	37.85017
8010	37.84775
8030	37.84512
8050	37.84278
8070	37.84034
8090	37.83763
8110	37.83475
8130	37.8328
8150	37.83007
8170	37.82764
8190	37.82439
8210	37.6657
8230	37.66201
8250	37.66086
8270	37.65749
8290	37.65562
8310	37.65319
8330	37.65013
8350	37.64725
8370	37.64601
8390	37.644
8410	37.64141
8430	37.64021
8450	37.63668
8470	37.63398
8490	37.63307
8510	37.62766
8530	37.62894
8550	37.62012
8570	37.62639
8590	37.61689
8610	37.6146
8630	37.62085
8650	37.61394
8670	37.59974
8690	37.61224
8710	37.61248
8730	37.60625
8750	37.58775
8770	37.59859
8790	37.6031
8810	37.6011
8830	37.59749
8850	37.58605
8870	37.57154
8890	37.58849
8910	37.58901
8930	37.58666
8950	37.58498
8970	37.58217
8990	37.57638
9010	37.55492
9030	37.56227
9050	37.57132
9070	37.56905
9090	37.56775
9110	37.56596
9130	37.56419
9150	37.56197
9170	37.55887
9190	37.55574
9210	37.54742
9230	37.52409
9250	37.54209
9270	37.54552
9290	37.54524
9310	37.54293
9330	37.54094
9350	37.53695
9370	37.53621
9390	37.53445
9410	37.53138
9430	37.52987
9450	37.52769
9470	37.52488
9490	37.52286
9510	37.51848
9530	37.51018
9550	37.48908
9570	37.50888
9590	37.5113
9610	37.50953
9630	37.50687
9650	37.50609
9670	37.50389
9690	37.50177
9710	37.49726
9730	37.49728
9750	37.49552
9770	37.493
9790	37.49137
9810	37.4892
9830	37.48704
9850	37.48497
9870	37.48281
9890	37.48048
9910	37.47812
9930	37.47678
9950	37.47469
9970	37.47247
9990	37.4703
10025	37.4598
10075	37.45188
10125	37.45413
10175	37.45202
10225	37.4471
10275	37.44221
10325	37.4368
10375	37.43252
10425	37.42753
10475	37.42285
10525	37.41807
10575	37.41344
10625	37.40875
10675	37.40364
10725	37.39935
10775	37.39474
10825	37.38872
10875	37.38505
10925	37.36856
10975	37.37302
11025	37.37148
11075	37.36766
11125	37.3632
11175	37.35882
11225	37.3544
11275	37.34965
11325	37.34539
11375	37.34145
11425	37.33718
11475	37.33317
11525	37.32903
11575	37.32474
11625	37.31974
11675	37.31598
11725	37.31252
11775	37.30816
11825	37.30418
11875	37.30014
11925	37.29629
11975	37.29128
12025	37.28825
12075	37.28418
12125	37.28017
12175	37.27633
12225	37.27235
12275	37.26839
12325	37.26445
12375	37.26055
12425	37.25669
12475	37.25266
12525	37.24865
12575	37.24483
12625	37.24106
12675	37.23723
12725	37.23328
12775	37.22748
12825	37.21568
12875	37.22102
12925	37.21793
12975	37.21376
13025	37.21031
13075	37.20657
13125	37.20274
13175	37.19886
13225	37.19513
13275	37.19131
13325	37.18749
13375	37.18367
13425	37.17983
13475	37.17609
13525	37.17223
13575	37.16844
13625	37.16465
13675	37.16088
13725	37.15695
13775	37.15329
13825	37.1495
13875	37.1457
13925	37.1418
13975	37.13804
14025	37.1342
14075	37.13046
14125	37.12658
14175	37.12279
14225	37.11892
14275	37.11506
14325	37.11126
14375	37.10742
14425	37.10337
14475	37.09969
14525	37.09571
14570	37.09231
14620	36.97263
14675	36.96959
14725	36.96673
14775	36.96346
14825	36.96119
14875	36.95834
14925	36.95574
14975	36.9529
15025	36.95007
15075	36.94715
15125	36.9446
15175	36.94184
15225	36.93908
15275	36.93633
15325	36.93354
15375	36.93113
15425	36.92797
15475	36.9259
15525	36.92321
15575	36.91974
15625	36.91883
15675	36.915
15725	36.91184
15775	36.91126
15825	36.90857
15875	36.90295
15925	36.90285
15975	36.90173
16050	36.89707
16150	36.8905
16250	36.88813
16350	36.88202
16450	36.87546
16550	36.8735
16650	36.86869
16750	36.86255
16850	36.85598
16950	36.85438
17050	36.84931
17150	36.84503
17250	36.84015
17350	36.83157
17450	36.83049
17550	36.82642
17650	36.82184
17750	36.81727
17850	36.81268
17950	36.8082
18050	36.80348
18150	36.79538
18250	36.79372
18350	36.79007
18450	36.78557
18550	36.781
18650	36.7756
18750	36.7682
18850	36.76749
18950	36.7631
19050	36.75858
19150	36.7543
19250	36.74983
19350	36.74511
19450	36.7371
19550	36.73624
19650	36.73215
19750	36.72774
19850	36.72334
19950	36.71894
20050	36.71453
20150	36.71011
20250	36.70566
20350	36.70121
20450	36.69678
20550	36.69222
20650	36.68784
20750	36.68335
20850	36.67888
20950	36.67436
21050	36.66986
21150	36.66513
21250	36.66077
21350	36.6562
21450	36.65161
21550	36.64686
21650	36.6391
21750	36.63743
21850	36.63306
21950	36.62844
22050	36.62371
22150	36.619
22250	36.61425
22350	36.60947
22450	36.60467
22550	36.59982
22650	36.59497
22750	36.59009
22850	36.51135
22950	36.50854
23050	36.50577
23150	36.503
23250	36.50023
23350	36.49747
23450	36.49474
23550	36.49198
23650	36.48926
23750	36.48652
23850	36.48377
23950	36.48106
24050	36.47833
24150	36.4756
24250	36.47289
24350	36.4702
24450	36.46749
24550	36.46486
24650	36.46213
24750	36.45941
24850	36.45692
24950	36.45395
25050	36.45185
25150	36.44907
25250	36.44589
25350	36.44367
25450	36.44121
25550	36.43836
25650	36.43512
25750	36.43316
25850	36.43064
25950	36.428
26050	36.42501
26150	36.42162
26250	36.41737
26350	36.41716
26450	36.4148
26550	36.41215
26650	36.40931
26750	36.40573
26850	36.40403
26950	36.40163
27050	36.39899
27150	36.39635
27250	36.39369
27350	36.39103
27450	36.38826
27550	36.38451
27650	36.3825
27750	36.38034
27850	36.37771
27950	36.37504
28050	36.37235
28150	36.36967
28250	36.36698
28350	36.36428
28450	36.36156
28550	36.35883
28650	36.35575
28750	36.35199
28850	36.35056
28950	36.34796
29050	36.34525
29150	36.34249
29250	36.33974
29350	36.33698
29450	36.33421
29550	36.33144
29650	36.32865
29750	36.32586
29850	36.32306
29950	36.32024
30050	36.31742
30150	36.31458
30250	36.31167
30350	36.3077
30450	36.30534
30550	36.30313
30650	36.3003
30750	36.29741
30850	36.2945
30950	36.29161
31050	36.28869
31150	36.28574
31250	36.28281
31350	36.27986
31450	36.27689
31550	36.2739
31650	36.27091
31750	36.2679
31850	36.26488
31950	36.26184
32100	36.25726
32300	36.2511
32500	36.24488
32700	36.23859
32900	36.18645
33100	36.18374
33300	36.18048
33500	36.17702
33700	36.17353
33900	36.17004
34100	36.16654
34300	36.16305
34500	36.15955
34700	36.15604
34900	36.15252
35100	36.14899
35300	36.14546
35500	36.14193
35700	36.13837
35900	36.13482
36100	36.13123
36300	36.12769
36500	36.12405
36700	36.12051
36900	36.11679
37100	36.11321
37300	36.10924
37500	36.10534
37700	36.10228
37900	36.09862
38100	36.09481
38300	36.09111
38500	36.08747
38700	36.08372
38900	36.0799
39100	36.07594
39300	36.07232
39500	36.0685
39700	36.06465
39900	36.06076
40100	36.05672
40300	36.05272
40500	36.04837
40700	36.04499
40900	36.04102
41100	36.037
41300	36.03294
41500	36.02883
41700	36.02444
41900	36.02058
42100	36.01645
42300	36.01226
42500	36.00802
42700	36.00377
42900	35.99945
43100	35.99514
43300	35.99078
43500	35.98637
43700	35.98162
43900	35.97737
44100	35.97295
44300	35.96841
44500	35.96383
44700	35.93018
44900	35.92976
45100	35.92934
45300	35.92892
45500	35.92852
45700	35.92813
45900	35.92773
46100	35.92735
46300	35.92695
46500	35.92601
46700	35.92581
46900	35.92581
47100	35.92553
47300	35.92519
47500	35.92485
47700	35.92451
47900	35.92419
48100	35.92386
48300	35.92355
48500	35.92323
48700	35.92292
48900	35.92262
49100	35.92232
49300	35.92202
49500	35.92174
49700	35.92145
49900	35.92117
50100	35.92089
50300	35.92062
50500	35.92035
50700	35.92009
50900	35.91983
51100	35.91953
51300	35.91898
51500	35.91904
51700	35.91882
51900	35.91858
52100	35.91834
52300	35.9181
52500	35.91787
52700	35.91764
52900	35.91741
53100	35.91719
53300	35.91697
53500	35.91675
53700	35.91653
53900	35.91632
54100	35.91611
54300	35.9159
54500	35.9157
54700	35.9155
54900	35.9153
55100	35.9151
55300	35.91491
55500	35.91472
55700	35.91453
55900	35.91434
56100	35.91415
56300	35.91397
56500	35.91379
56700	35.91361
56900	35.91343
57100	35.91326
57300	35.91309
57500	35.91291
57700	35.91274
57900	35.91257
58100	35.91241
58300	35.91225
58500	35.91209
58700	35.91193
58900	35.91174
59100	35.91138
59300	35.91144
59500	35.9113
59700	35.91115
59900	35.911
60100	35.91085
60300	35.9107
60500	35.91055
60700	35.9104
60900	35.91026
61100	35.91011
61300	35.90997
61500	35.90983
61700	35.90969
61900	35.90956
62100	35.90942
62300	35.90928
62500	35.90915
62700	35.90902
62900	35.90888
63100	35.90875
63300	35.90862
63500	35.90849
63700	35.90836
63900	35.90824
64200	35.90805
64600	35.9078
65000	35.90755
65400	35.90731
65800	35.90708
66200	35.90685
66600	35.90661
67000	35.90639
67400	35.90616
67800	35.90594
68200	35.90572
68600	35.9055
69000	35.90529
69400	35.90508
69800	35.90487
70200	35.90466
70600	35.90446
71000	35.90426
71400	35.90406
71800	35.90386
72200	35.90366
72600	35.90347
73000	35.90328
73400	35.90309
73800	35.9029
74200	35.90271
74600	35.90246
75000	35.90228
75400	35.90216
75800	35.90198
76200	35.90181
76600	35.90163
77000	35.90145
77400	35.90128
77800	35.9011
78200	35.90093
78600	35.90076
79000	35.90059
79400	35.90042
79800	35.90025
80200	35.90009
80600	35.89992
81000	35.89975
81400	35.89959
81800	35.89943
82200	35.89927
82600	35.8991
83000	35.89894
83400	35.89878
83800	35.89862
84200	35.89846
84600	35.89831
85000	35.89815
85400	35.89799
85800	35.89784
86200	35.89769
86600	35.89753
87000	35.89738
87400	35.89723
87800	35.89708
88200	35.89692
88600	35.89677
89000	35.89662
89400	35.89647
89800	35.89632
90200	35.89618
90600	35.89603
91000	35.89588
91400	35.895
91800	35.89489
92200	35.89478
92600	35.89467
93000	35.89455
93400	35.89444
93800	35.89433
94200	35.89422
94600	35.89411
95000	35.894
95400	35.89389
95800	35.89378
96200	35.89367
96600	35.89357
97000	35.89346
97400	35.89335
97800	35.89324
98200	35.89314
98600	35.89303
99000	35.89292
99400	35.89281
99800	35.89271
100200	35.8926
200000	35.86832
400000	35.81712
600000	35.75912
800000	35.69218
1000000	35.613
1200000	35.51608
1400000	35.39114
1600000	35.21505