1141 1
506	25.79105
512	26.03811
520	26.23578
530	26.47938
540	26.70295
550	26.9326
560	27.14615
570	27.35272
580	27.54211
590	27.74257
600	27.92818
610	28.10776
620	28.28054
630	28.44829
640	28.6094
650	28.76737
658	28.88952
665	28.99368
675	29.13808
685	29.27916
695	29.4157
705	29.54792
716	29.68911
726	29.8136
735	29.92246
745	30.04033
755	30.15466
765	30.266
775	30.37421
785	30.47954
795	30.58148
805	30.68147
815	30.77871
825	30.8732
835	30.96375
845	31.05516
855	31.14254
865	31.22791
875	31.31102
885	31.39245
895	31.47149
905	31.54741
915	32.46111
925	33.10521
935	33.30183
945	33.60846
955	34.39891
965	34.63512
975	33.93245
985	35.64663
995	36.035
1005	36.07777
1015	35.41698
1025	33.89759
1035	35.18968
1045	36.15825
1055	36.44578
1065	36.45108
1075	36.53049
1085	36.50779
1095	36.53779
1105	36.68288
1115	36.70043
1125	36.72681
1135	36.74133
1145	36.70173
1155	36.70513
1165	36.71646
1175	36.64697
1185	36.49983
1195	35.75885
1205	35.23733
1215	34.3296
1225	35.04036
1235	36.13685
1245	36.55916
1255	36.68453
1265	36.56155
1275	36.8167
1285	36.8867
1295	36.86213
1305	36.79873
1315	36.8914
1325	36.90136
1335	36.87927
1345	36.93427
1355	36.90755
1365	36.86842
1375	36.90484
1385	36.91431
1395	36.92469
1405	36.92048
1415	36.88805
1425	36.89793
1435	36.86935
1442	36.90145
1447	36.91793
1455	36.91173
1465	36.88716
1475	36.87145
1485	36.87963
1495	36.89039
1505	36.89029
1512	36.87175
1517	36.89104
1525	36.84948
1535	36.82325
1545	36.87593
1555	36.84318
1565	36.81318
1575	36.82724
1585	36.85017
1595	36.86287
1605	36.83732
1615	36.8378
1625	36.80539
1635	36.81674
1645	36.82198
1655	36.77145
1665	36.81658
1672	36.76043
1677	36.79535
1685	36.82123
1695	36.79593
1705	36.78181
1715	36.77436
1725	36.76704
1735	36.78313
1745	36.77258
1755	36.79476
1765	36.75167
1775	36.7831
1785	36.77776
1795	36.79389
1805	36.78194
1815	36.77441
1825	36.76186
1835	36.75119
1845	36.73067
1855	36.73702
1865	36.73672
1875	36.75129
1885	36.74428
1895	36.7366
1905	36.73314
1915	36.72994
1925	36.72913
1935	36.72338
1945	36.73542
1955	36.72634
1967	36.73442
1976	36.72919
1984	36.72145
1995	36.70738
2005	36.70638
2015	36.68887
2025	36.69514
2035	36.69428
2045	36.69938
2055	36.68283
2065	36.67994
2074	36.68694
2078	36.69039
2085	36.69252
2095	36.67749
2105	36.67455
2115	36.67218
2125	36.67126
2135	36.63824
2145	36.66169
2155	36.66034
2165	36.64199
2175	36.63668
2185	36.63364
2195	36.65181
2205	36.63449
2215	36.61252
2225	36.60225
2235	36.63145
2245	36.60292
2255	36.59395
2265	36.59269
2275	36.60887
2285	36.61482
2295	36.59527
2305	36.59011
2315	36.57835
2325	36.52377
2335	36.56339
2345	36.53684
2355	36.56472
2365	36.53389
2375	36.54738
2385	36.51149
2395	36.53894
2405	36.52115
2415	36.52693
2425	36.54121
2435	36.52241
2445	36.54394
2455	36.53091
2465	36.52749
2475	36.5118
2485	36.52894
2495	36.51697
2505	36.54247
2513	36.51437
2518	36.51623
2525	36.49379
2535	36.49394
2545	36.4912
2555	36.51268
2565	36.50572
2575	36.52401
2585	36.5217
2595	36.51738
2605	36.50142
2615	36.49767
2625	36.50707
2635	36.51199
2645	36.54094
2655	36.5406
2665	36.51644
2675	36.52675
2685	36.52753
2695	36.51085
2705	36.51575
2715	36.49727
2725	36.49548
2735	36.51226
2745	36.46792
2755	36.4702
2765	36.48477
2775	36.49699
2785	36.48503
2795	36.39513
2805	36.42706
2815	36.49383
2825	36.49914
2835	36.48893
2845	36.47471
2855	36.46374
2865	36.4863
2875	36.48349
2885	36.48583
2895	36.48316
2910	36.5046
2930	36.48931
2950	36.4844
2970	36.48442
2990	36.48254
3010	36.48575
3030	36.48299
3050	36.48047
3070	36.47511
3090	36.47527
3110	36.47129
3130	36.46439
3150	36.46176
3170	36.46176
3190	36.44663
3210	36.454
3230	36.44144
3250	36.45367
3270	36.46024
3290	36.45612
3310	36.45227
3330	36.44758
3350	36.44021
3370	36.4254
3390	36.42862
3410	36.43098
3430	36.43252
3450	36.43292
3470	36.42956
3490	36.43101
3510	36.43386
3530	36.42495
3550	36.43264
3570	36.41073
3590	36.40672
3610	36.4147
3630	36.41376
3640	36.41375
3650	36.42616
3670	36.41706
3690	36.39095
3710	36.42891
3730	36.42097
3750	36.5023
3770	36.52316
3790	36.58568
3810	36.63496
3830	36.5381
3850	36.65511
3870	36.69219
3890	36.50709
3910	36.69904
3930	36.674
3950	36.68468
3970	36.45861
3990	36.68632
4010	36.72203
4030	36.71959
4050	36.71426
4070	36.69753
4090	36.63021
4110	36.54702
4130	36.6812
4150	36.69344
4170	36.69162
4190	36.68553
4210	36.68199
4230	36.67527
4250	36.67069
4270	36.66066
4290	36.64737
4310	36.61666
4330	36.56157
4350	36.51023
4370	36.63412
4390	36.63403
4410	36.63978
4430	36.64359
4450	36.64007
4470	36.63913
4490	36.636
4510	36.6445
4530	36.62975
4550	36.62687
4570	36.63276
4590	36.622
4610	36.62406
4630	36.61718
4650	36.61598
4670	36.61505
4690	36.6093
4710	36.60022
4730	36.6034
4750	36.60252
4770	36.59846
4790	36.59325
4810	36.58644
4830	36.57533
4850	36.50986
4870	36.44667
4890	36.55634
4910	36.56573
4930	36.56182
4950	36.56709
4970	36.56491
4990	36.55218
5010	36.5423
5030	36.548
5050	36.54338
5070	36.5473
5090	36.53789
5110	36.53656
5130	36.52959
5150	36.52215
5170	36.51397
5190	36.51423
5210	36.5149
5230	36.51502
5250	36.51635
5270	36.49931
5290	36.51151
5310	36.51307
5330	36.49824
5350	36.50608
5370	36.50224
5390	36.49668
5410	36.49068
5430	36.4898
5450	36.49262
5470	36.48673
5490	36.48384
5510	36.48099
5530	36.48043
5550	36.47996
5570	36.47342
5590	36.46845
5610	36.47009
5630	36.4678
5650	36.46526
5670	36.45884
5690	36.46012
5710	36.45236
5730	36.46018
5750	36.45311
5770	36.4523
5790	36.44528
5810	36.44673
5830	36.44709
5850	36.44048
5870	36.43818
5890	36.42598
5910	36.43213
5930	36.42994
5950	36.42743
5970	36.42676
5990	36.42205
6010	36.41709
6030	36.41677
6050	36.41742
6070	36.41345
6090	36.40696
6110	36.40417
6130	36.39484
6150	36.39579
6170	36.38951
6190	36.39455
6210	36.39199
6230	36.38485
6250	36.37619
6270	36.38277
6290	36.38135
6310	36.37442
6330	36.37457
6350	36.37254
6370	36.36999
6390	36.369
6410	36.36244
6430	36.36181
6450	36.35917
6470	36.35603
6490	36.34886
6510	36.35077
6530	36.34565
6550	36.31639
6570	36.26249
6590	36.33036
6610	36.33831
6630	36.33834
6650	36.3364
6670	36.3321
6690	36.33434
6710	36.32759
6730	36.32924
6750	36.32455
6770	36.32329
6790	36.32033
6810	36.31766
6830	36.31681
6850	36.3105
6870	36.31032
6890	36.31009
6910	36.30625
6930	36.30352
6950	36.29959
6970	36.29857
6990	36.29533
7010	36.28899
7030	36.28994
7050	36.2891
7070	36.28482
7090	36.28245
7110	36.27953
7130	36.27507
7150	36.27288
7170	36.27222
7190	36.26438
7210	36.26585
7230	36.26587
7250	36.26423
7270	36.26183
7290	36.25517
7310	36.25551
7330	36.25378
7350	36.25184
7370	36.252
7390	36.24581
7410	36.23951
7430	36.24183
7450	36.24086
7470	36.2393
7490	36.23609
7510	36.23497
7530	36.23385
7550	36.23309
7570	36.22947
7590	36.22675
7610	36.22497
7630	36.22338
7650	36.22189
7670	36.21431
7690	36.2178
7710	36.21132
7730	36.2112
7750	36.20737
7770	36.20712
7790	36.20661
7810	36.20518
7830	36.20101
7850	36.19827
7870	36.19788
7890	36.19313
7910	36.18772
7930	36.1846
7950	36.18101
7970	36.1849
7990	36.18218
8010	36.18259
8030	36.18147
8050	36.17795
8070	36.17692
8090	36.17279
8110	36.17217
8130	36.17087
8150	36.16875
8170	36.16673
8190	36.16094
8210	36.16054
8230	36.15868
8250	36.15827
8270	36.15798
8290	36.15528
8310	36.15105
8330	36.1463
8350	36.14645
8370	36.14363
8390	36.13576
8410	36.1376
8430	36.13227
8450	36.13324
8470	36.12571
8490	36.12937
8510	36.10929
8530	36.12828
8550	36.07828
8570	36.13221
8590	36.11637
8610	36.11119
8630	36.13005
8650	36.11992
8670	36.06504
8690	36.11761
8710	36.12598
8730	36.11803
8750	36.08383
8770	36.10905
8790	36.11911
8810	36.11642
8830	36.11231
8850	36.09627
8870	36.07156
8890	36.10445
8910	36.11012
8930	36.10814
8950	36.10577
8970	36.10336
8990	36.09558
9010	36.05814
9030	36.07464
9050	36.09341
9070	36.09336
9090	36.08765
9110	36.09048
9130	36.09017
9150	36.08829
9170	36.08544
9190	36.08173
9210	36.06741
9230	36.03561
9250	36.05992
9270	36.07035
9290	36.07304
9310	36.07317
9330	36.07126
9350	36.069
9370	36.06544
9390	36.06548
9410	36.05837
9430	36.06135
9450	36.05758
9470	36.05698
9490	36.05411
9510	36.04887
9530	36.03578
9550	36.00599
9570	36.03335
9590	36.042
9610	36.04097
9630	36.03946
9650	36.0367
9670	36.03498
9690	36.03563
9710	36.03319
9730	36.03111
9750	36.02844
9770	36.0274
9790	36.02419
9810	36.02456
9830	36.02272
9850	36.02093
9870	36.01805
9890	36.01581
9910	36.01438
9930	36.01289
9950	36.01097
9970	36.00882
9990	36.00579
10025	35.99042
10075	35.98019
10125	35.99138
10175	35.98663
10225	35.98341
10275	35.98034
10325	35.97272
10375	35.96843
10425	35.96587
10475	35.9595
10525	35.95673
10575	35.95123
10625	35.94616
10675	35.93806
10725	35.93629
10775	35.93064
10825	35.92418
10875	35.91934
10925	35.90002
10975	35.90516
11025	35.91029
11075	35.9076
11125	35.90261
11175	35.89736
11225	35.89466
11275	35.88737
11325	35.88391
11375	35.87962
11425	35.87374
11475	35.8734
11525	35.86953
11575	35.86391
11625	35.8567
11675	35.85389
11725	35.85312
11775	35.84504
11825	35.84152
11875	35.83513
11925	35.83679
11975	35.826
12025	35.82675
12075	35.82133
12125	35.81887
12175	35.81659
12225	35.81236
12275	35.80744
12325	35.80415
12375	35.80005
12425	35.79623
12475	35.79299
12525	35.78823
12575	35.78452
12625	35.78043
12675	35.77609
12725	35.77296
12775	35.76691
12825	35.74337
12875	35.75864
12925	35.75642
12975	35.75526
13025	35.75057
13075	35.74815
13125	35.74226
13175	35.73842
13225	35.73684
13275	35.73044
13325	35.7291
13375	35.72491
13425	35.72347
13475	35.71961
13525	35.71618
13575	35.71018
13625	35.70691
13675	35.70464
13725	35.70165
13775	35.69843
13825	35.69561
13875	35.69129
13925	35.6895
13975	35.68661
14025	35.68084
14075	35.6801
14125	35.67489
14175	35.67416
14225	35.6675
14275	35.66264
14325	35.66347
14375	35.66206
14425	35.65184
14475	35.65538
14525	35.64822
14570	35.6478
14620	35.64597
14675	35.64319
14725	35.63681
14775	35.63526
14825	35.63287
14875	35.62701
14925	35.62913
14975	35.62357
15025	35.61805
15075	35.61325
15125	35.61543
15175	35.61301
15225	35.60949
15275	35.60669
15325	35.60285
15375	35.60287
15425	35.59769
15475	35.59823
15525	35.59353
15575	35.58287
15625	35.59103
15675	35.58176
15725	35.57677
15775	35.57339
15825	35.57475
15875	35.55597
15925	35.56924
15975	35.56835
16050	35.56243
16150	35.54997
16250	35.5523
16350	35.54381
16450	35.52546
16550	35.53118
16650	35.52026
16750	35.50932
16850	35.49212
16950	35.49794
17050	35.48571
17150	35.47935
17250	35.46864
17350	35.44772
17450	35.45107
17550	35.44477
17650	35.43702
17750	35.42823
17850	35.42112
17950	35.41302
18050	35.40323
18150	35.38522
18250	35.38466
18350	35.37943
18450	35.36977
18550	35.36357
18650	35.35291
18750	35.33233
18850	35.33849
18950	35.32613
19050	35.32496
19150	35.31632
19250	35.30899
19350	35.29824
19450	35.27978
19550	35.28435
19650	35.27755
19750	35.26912
19850	35.26263
19950	35.25532
20050	35.25013
20150	35.2435
20250	35.23363
20350	35.22536
20450	35.22153
20550	35.21373
20650	35.20501
20750	35.19846
20850	35.19167
20950	35.18287
21050	35.1781
21150	35.17028
21250	35.16325
21350	35.15729
21450	35.15025
21550	35.14266
21650	35.12511
21750	35.12674
21850	35.12107
21950	35.11559
22050	35.10649
22150	35.10205
22250	35.09377
22350	35.08754
22450	35.08125
22550	35.07445
22650	35.06734
22750	35.06177
22850	35.05399
22950	35.02121
23050	35.02984
23150	35.0246
23250	34.99263
23350	35.00274
23450	35.00003
23550	34.96733
23650	34.9798
23750	34.97597
23850	34.94661
23950	34.95659
24050	34.95511
24150	34.93011
24250	34.9366
24350	34.93418
24450	34.91711
24550	34.91327
24650	34.91712
24750	34.90522
24850	34.89285
24950	34.89512
25050	34.89824
25150	34.87681
25250	34.87809
25350	34.87724
25450	34.86818
25550	34.86166
25650	34.8556
25750	34.85621
25850	34.84205
25950	34.84212
26050	34.83786
26150	34.82671
26250	34.81633
26350	34.82086
26450	34.81704
26550	34.80994
26650	34.80125
26750	34.79772
26850	34.79635
26950	34.7894
27050	34.78615
27150	34.78077
27250	34.77636
27350	34.7687
27450	34.76474
27550	34.75522
27650	34.75201
27750	34.74777
27850	34.74373
27950	34.73983
28050	34.73404
28150	34.72792
28250	34.72293
28350	34.71856
28450	34.71237
28550	34.70685
28650	34.70003
28750	34.68956
28850	34.69035
28950	34.68578
29050	34.6804
29150	34.67526
29250	34.66892
29350	34.66494
29450	34.65852
29550	34.65369
29650	34.6488
29750	34.64342
29850	34.638
29950	34.63266
30050	34.62726
30150	34.62214
30250	34.61615
30350	34.60472
30450	34.60353
30550	34.60023
30650	34.5951
30750	34.59067
30850	34.58476
30950	34.57961
31050	34.57503
31150	34.56785
31250	34.5643
31350	34.55936
31450	34.55415
31550	34.54813
31650	34.54355
31750	34.53868
31850	34.53354
31950	34.52872
32100	34.5208
32300	34.51082
32500	34.50062
32700	34.49029
32900	34.47588
33100	34.4693
33300	34.45982
33500	34.45082
33700	34.4408
33900	34.43052
34100	34.42061
34300	34.41212
34500	34.40273
34700	34.39295
34900	34.3836
35100	34.37434
35300	34.36432
35500	34.35551
35700	34.34578
35900	34.33661
36100	34.32774
36300	34.31889
36500	34.30872
36700	34.29979
36900	34.28932
37100	34.28078
37300	34.27137
37500	34.25914
37700	34.25528
37900	34.24657
38100	34.23753
38300	34.22935
38500	34.22157
38700	34.21241
38900	34.2037
39100	34.19437
39300	34.18727
39500	34.17839
39700	34.17042
39900	34.16061
40100	34.15203
40300	34.14401
40500	34.13296
40700	34.12849
40900	34.1208
41100	34.11288
41300	34.105
41500	34.09625
41700	34.08622
41900	34.07996
42100	34.07154
42300	34.06531
42500	34.0566
42700	34.0494
42900	34.02805
43100	34.00899
43300	34.00901
43500	33.98696
43700	33.9749
43900	33.96867
44100	33.94751
44300	33.94411
44500	33.93547
44700	33.91608
44900	33.91835
45100	33.90729
45300	33.89139
45500	33.89097
45700	33.88567
45900	33.86786
46100	33.87008
46300	33.86052
46500	33.85205
46700	33.84807
46900	33.84304
47100	33.83482
47300	33.83494
47500	33.82561
47700	33.81908
47900	33.81358
48100	33.80325
48300	33.80421
48500	33.79559
48700	33.78678
48900	33.78174
49100	33.77475
49300	33.76832
49500	33.7611
49700	33.7569
49900	33.75028
50100	33.74532
50300	33.73917
50500	33.72925
50700	33.72469
50900	33.71965
51100	33.71066
51300	33.70385
51500	33.69921
51700	33.69778
51900	33.68869
52100	33.683
52300	33.67605
52500	33.67241
52700	33.66992
52900	33.65862
53100	33.65308
53300	33.64886
53500	33.64326
53700	33.63801
53900	33.63273
54100	33.62699
54300	33.6188
54500	33.61625
54700	33.60911
54900	33.60379
55100	33.59774
55300	33.59741
55500	33.58584
55700	33.58491
55900	33.57688
56100	33.57299
56300	33.56508
56500	33.56251
56700	33.55667
56900	33.54862
57100	33.54636
57300	33.54058
57500	33.53519
57700	33.52895
57900	33.52552
58100	33.51855
58300	33.5136
58500	33.50874
58700	33.50177
58900	33.49638
59100	33.48912
59300	33.48671
59500	33.48077
59700	33.47687
59900	33.47149
60100	33.4663
60300	33.46093
60500	33.45444
60700	33.44937
60900	33.44415
61100	33.43813
61300	33.43372
61500	33.42881
61700	33.42435
61900	33.419
62100	33.41415
62300	33.40808
62500	33.4022
62700	33.39728
62900	33.39225
63100	33.38686
63300	33.3828
63500	33.37695
63700	33.37291
63900	33.36633
64200	33.3594
64600	33.34876
65000	33.3388
65400	33.32853
65800	33.3189
66200	33.30849
66600	33.29862
67000	33.28884
67400	33.27855
67800	33.26878
68200	33.25891
68600	33.24929
69000	33.23936
69400	33.22964
69800	33.22003
70200	33.21024
70600	33.20079
71000	33.19115
71400	33.18173
71800	33.17222
72200	33.1628
72600	33.15338
73000	33.14412
73400	33.13475
73800	33.12568
74200	33.11612
74600	33.10499
75000	33.09614
75400	33.08876
75800	33.08016
76200	33.07117
76600	33.06229
77000	33.05337
77400	33.04461
77800	33.0359
78200	33.02701
78600	33.01829
79000	33.00965
79400	33.00107
79800	32.99247
80200	32.98387
80600	32.97534
81000	32.96701
81400	32.9585
81800	32.95022
82200	32.94199
82600	32.93361
83000	32.92538
83400	32.91705
83800	32.90897
84200	32.90092
84600	32.89284
85000	32.88476
85400	32.87674
85800	32.86876
86200	32.86086
86600	32.85289
87000	32.84511
87400	32.83718
87800	32.82936
88200	32.82156
88600	32.81383
89000	32.8061
89400	32.79852
89800	32.7907
90200	32.7833
90600	32.77568
91000	32.76802
91400	32.76061
91800	32.75325
92200	32.74583
92600	32.73845
93000	32.73102
93400	32.7236
93800	32.7163
94200	32.70906
94600	32.70182
95000	32.69463
95400	32.68738
95800	32.68026
96200	32.67312
96600	32.66604
97000	32.65901
97400	32.65174
97800	32.64485
98200	32.63784
98600	32.6309
99000	32.62408
99400	32.61702
99800	32.61014
100200	32.60336
200000	31.41428
400000	30.21297
600000	29.50723
800000	29.00586
1000000	28.61676
1200000	28.29917
1400000	28.03065
1600000	27.79723
