1141 1
506	20.19693
512	20.45405
520	20.71103
530	21.02257
540	21.31679
550	21.60799
560	21.88584
570	22.15401
580	22.40906
590	22.66346
600	22.90621
610	23.14263
620	23.36423
630	23.58533
640	23.79953
650	24.00945
658	24.17266
665	24.31176
675	24.50719
685	24.69837
695	24.88404
705	25.06301
716	25.25945
726	25.43151
735	25.58302
745	25.74659
755	25.90571
765	26.0084
775	26.15964
785	26.30797
795	26.45023
805	26.59248
815	26.73207
825	26.86782
835	26.99986
845	27.13046
855	27.25771
865	27.38239
875	27.50371
885	27.62366
895	27.74091
905	27.85455
915	29.94069
925	30.63534
935	30.78178
945	30.93013
955	31.09237
965	31.19582
975	31.20658
985	31.33793
995	31.37892
1005	31.49108
1015	31.5709
1025	31.51251
1035	31.68401
1045	31.76395
1055	31.82954
1065	31.86782
1075	31.94442
1085	31.99924
1095	32.0327
1105	32.85799
1115	33.27611
1125	33.37304
1135	33.39491
1145	33.36409
1155	33.43306
1165	33.48699
1175	33.42735
1185	33.293
1195	32.83205
1205	32.90767
1215	32.26262
1225	32.95396
1235	33.32584
1245	33.97893
1255	34.34465
1265	34.29742
1275	35.01476
1285	35.33549
1295	35.39173
1305	35.03567
1315	35.5079
1325	35.60607
1335	35.52522
1345	35.72838
1355	35.71305
1365	35.66269
1375	35.73557
1385	35.70941
1395	35.76738
1405	35.7797
1415	35.73381
1425	35.81864
1435	35.75796
1442	35.84286
1447	35.952
1455	35.94324
1465	35.87367
1475	35.8656
1485	35.93989
1495	35.99149
1505	36.01219
1512	35.92174
1517	35.96802
1525	35.94181
1535	35.87764
1545	36.11536
1555	36.02541
1565	35.9622
1575	36.0873
1585	36.13833
1595	36.2011
1605	36.1581
1615	36.12518
1625	36.03545
1635	36.10125
1645	36.15911
1655	35.99924
1665	36.15156
1672	35.84584
1677	36.19557
1685	36.25014
1695	36.1786
1705	36.15238
1715	36.172
1725	36.16706
1735	36.22544
1745	36.21194
1755	36.28461
1765	36.16533
1775	36.25128
1785	36.22985
1795	36.31904
1805	36.28535
1815	36.28028
1825	36.25636
1835	36.21777
1845	36.16317
1855	36.21747
1865	36.24176
1875	36.2427
1885	36.23917
1895	36.26282
1905	36.22446
1915	36.25764
1925	36.26176
1935	36.19706
1945	36.27652
1955	36.27235
1967	36.30989
1976	36.30308
1984	36.28585
1995	36.2685
2005	36.2453
2015	36.22686
2025	36.21604
2035	36.24616
2045	36.28388
2055	36.25568
2065	36.23893
2074	36.29462
2078	36.30879
2085	36.29609
2095	36.27361
2105	36.23588
2115	36.2394
2125	36.25937
2135	36.15959
2145	36.22948
2155	36.23731
2165	36.19908
2175	36.19339
2185	36.20814
2195	36.2411
2205	36.21449
2215	36.16179
2225	36.14627
2235	36.21893
2245	36.16679
2255	36.13346
2265	36.14135
2275	36.17085
2285	36.19862
2295	36.16312
2305	36.16238
2315	36.13211
2325	35.9414
2335	36.05727
2345	35.9932
2355	36.12061
2365	36.00153
2375	36.06129
2385	35.94926
2395	36.02241
2405	35.99763
2415	36.0243
2425	36.105
2435	36.08432
2445	36.12266
2455	36.11088
2465	36.10813
2475	36.07788
2485	36.09453
2495	36.07148
2505	36.15795
2513	36.05452
2518	36.04985
2525	36.00779
2535	36.01438
2545	36.01646
2555	36.0827
2565	36.06096
2575	36.11042
2585	36.10582
2595	36.08182
2605	36.05522
2615	36.03502
2625	36.10646
2635	36.12348
2645	36.20816
2655	36.21449
2665	36.14045
2675	36.17662
2685	36.16932
2695	36.14029
2705	36.16451
2715	36.12364
2725	36.12849
2735	36.17022
2745	36.03641
2755	36.0642
2765	36.09227
2775	36.13641
2785	36.07137
2795	35.79547
2805	35.87706
2815	36.12973
2825	36.1839
2835	36.16648
2845	36.1463
2855	36.11859
2865	36.18055
2875	36.17048
2885	36.17397
2895	36.15189
2910	36.22218
2930	36.19603
2950	36.19101
2970	36.20492
2990	36.21203
3010	36.22322
3030	36.21632
3050	36.21487
3070	36.21794
3090	36.22772
3110	36.21709
3130	36.21323
3150	36.22245
3170	36.2208
3190	36.19189
3210	36.2121
3230	36.1896
3250	36.21301
3270	36.22556
3290	36.22626
3310	36.22983
3330	36.22164
3350	36.21508
3370	36.2025
3390	36.20448
3410	36.21077
3430	36.21164
3450	36.21135
3470	36.2071
3490	36.21044
3510	36.22056
3530	36.21251
3550	36.22473
3570	36.19384
3590	36.19237
3610	36.20292
3630	36.20921
3640	36.20736
3650	36.22899
3670	36.21583
3690	36.1797
3710	36.23278
3730	36.22635
3750	36.32341
3770	36.35485
3790	36.44495
3810	36.50893
3830	36.39457
3850	36.5447
3870	36.59786
3890	36.36494
3910	36.59924
3930	36.49519
3950	36.57661
3970	36.30484
3990	36.59715
4010	36.64616
4030	36.6462
4050	36.63954
4070	36.61753
4090	36.53369
4110	36.42785
4130	36.59878
4150	36.62094
4170	36.61814
4190	36.61412
4210	36.61451
4230	36.60355
4250	36.60524
4270	36.58768
4290	36.58851
4310	36.551
4330	36.46914
4350	36.41122
4370	36.57394
4390	36.57366
4410	36.57311
4430	36.57272
4450	36.57755
4470	36.57932
4490	36.57324
4510	36.5917
4530	36.56775
4550	36.56283
4570	36.57837
4590	36.56183
4610	36.56855
4630	36.55288
4650	36.55742
4670	36.55775
4690	36.54362
4710	36.52837
4730	36.54439
4750	36.54653
4770	36.54209
4790	36.53691
4810	36.52628
4830	36.51577
4850	36.42253
4870	36.34114
4890	36.48846
4910	36.50401
4930	36.49818
4950	36.50829
4970	36.50469
4990	36.48536
5010	36.46813
5030	36.47881
5050	36.47301
5070	36.48245
5090	36.46832
5110	36.46949
5130	36.45767
5150	36.44729
5170	36.43151
5190	36.43385
5210	36.44152
5230	36.44295
5250	36.4509
5270	36.419
5290	36.4458
5310	36.44927
5330	36.42177
5350	36.44139
5370	36.43665
5390	36.42732
5410	36.4194
5430	36.42169
5450	36.42886
5470	36.41799
5490	36.41393
5510	36.41118
5530	36.41233
5550	36.41413
5570	36.40714
5590	36.40025
5610	36.40617
5630	36.39972
5650	36.39895
5670	36.39055
5690	36.39592
5710	36.38631
5730	36.40232
5750	36.38766
5770	36.38897
5790	36.37642
5810	36.3841
5830	36.38905
5850	36.37904
5870	36.37669
5890	36.34528
5910	36.36769
5930	36.36713
5950	36.36371
5970	36.36582
5990	36.35717
6010	36.3507
6030	36.35603
6050	36.3568
6070	36.3546
6090	36.34123
6110	36.33935
6130	36.32344
6150	36.32391
6170	36.31702
6190	36.32934
6210	36.32496
6230	36.31391
6250	36.29981
6270	36.31326
6290	36.31557
6310	36.30429
6330	36.30593
6350	36.29874
6370	36.29601
6390	36.30174
6410	36.29362
6430	36.29423
6450	36.28839
6470	36.28828
6490	36.27723
6510	36.28224
6530	36.27265
6550	36.23375
6570	36.17409
6590	36.25739
6610	36.27074
6630	36.26906
6650	36.26843
6670	36.26061
6690	36.26501
6710	36.25303
6730	36.25869
6750	36.25196
6770	36.25218
6790	36.24635
6810	36.24561
6830	36.24596
6850	36.23633
6870	36.23914
6890	36.24134
6910	36.23677
6930	36.2315
6950	36.22733
6970	36.22775
6990	36.22359
7010	36.21357
7030	36.21894
7050	36.22128
7070	36.2139
7090	36.20571
7110	36.19429
7130	36.18993
7150	36.18878
7170	36.18925
7190	36.17975
7210	36.18587
7230	36.18778
7250	36.18659
7270	36.18513
7290	36.17546
7310	36.18023
7330	36.17961
7350	36.17826
7370	36.18259
7390	36.17403
7410	36.16973
7430	36.17213
7450	36.17232
7470	36.17088
7490	36.16759
7510	36.17081
7530	36.17321
7550	36.17311
7570	36.16899
7590	36.16537
7610	36.16278
7630	36.1596
7650	36.15636
7670	36.14286
7690	36.14904
7710	36.14222
7730	36.1406
7750	36.13711
7770	36.13615
7790	36.14159
7810	36.13795
7830	36.13298
7850	36.12592
7870	36.12899
7890	36.11776
7910	36.10961
7930	36.10944
7950	36.10258
7970	36.11435
7990	36.11071
8010	36.11237
8030	36.11029
8050	36.10817
8070	36.10567
8090	36.09711
8110	36.0966
8130	36.10135
8150	36.09972
8170	36.10067
8190	36.09113
8210	36.08991
8230	36.0931
8250	36.09356
8270	36.09883
8290	36.09417
8310	36.07884
8330	36.07649
8350	36.07536
8370	36.07721
8390	36.06346
8410	36.07146
8430	36.05491
8450	36.05012
8470	36.04627
8490	36.05021
8510	36.0208
8530	36.04716
8550	35.96658
8570	36.06482
8590	36.04282
8610	36.04135
8630	36.07122
8650	36.05572
8670	35.9646
8690	36.05098
8710	36.07212
8730	36.06434
8750	36.02003
8770	36.05757
8790	36.07267
8810	36.06557
8830	36.06355
8850	36.04797
8870	36.01292
8890	36.05956
8910	36.07245
8930	36.06379
8950	36.06502
8970	36.06216
8990	36.05357
9010	36.00283
9030	36.02764
9050	36.0605
9070	36.05774
9090	36.04499
9110	36.05103
9130	36.05951
9150	36.05524
9170	36.05192
9190	36.05133
9210	36.0234
9230	35.98298
9250	36.01295
9270	36.02581
9290	36.03153
9310	36.03624
9330	36.03308
9350	36.03197
9370	36.02562
9390	36.02761
9410	36.01235
9430	36.02531
9450	36.01668
9470	36.02337
9490	36.02198
9510	36.01293
9530	35.99773
9550	35.95558
9570	35.99203
9590	36.01197
9610	36.00734
9630	36.00544
9650	36.00179
9670	35.99871
9690	36.00544
9710	36.00239
9730	35.99953
9750	35.99588
9770	35.9965
9790	35.98996
9810	35.99848
9830	35.99265
9850	35.99468
9870	35.9908
9890	35.98882
9910	35.98668
9930	35.98661
9950	35.9852
9970	35.98457
9990	35.98018
10025	35.96107
10075	35.94765
10125	35.96559
10175	35.96027
10225	35.95876
10275	35.95665
10325	35.94718
10375	35.94178
10425	35.94052
10475	35.93338
10525	35.9318
10575	35.92556
10625	35.92244
10675	35.90995
10725	35.90934
10775	35.90429
10825	35.89609
10875	35.89155
10925	35.86972
10975	35.87632
11025	35.88585
11075	35.88319
11125	35.87876
11175	35.8729
11225	35.87033
11275	35.85883
11325	35.85612
11375	35.85312
11425	35.84599
11475	35.85046
11525	35.8463
11575	35.8384
11625	35.83009
11675	35.82681
11725	35.83015
11775	35.81872
11825	35.81502
11875	35.80693
11925	35.81362
11975	35.79591
12025	35.80254
12075	35.79459
12125	35.79296
12175	35.79323
12225	35.78802
12275	35.78313
12325	35.77819
12375	35.77616
12425	35.77097
12475	35.76842
12525	35.76208
12575	35.75883
12625	35.75593
12675	35.74902
12725	35.74754
12775	35.74271
12825	35.70782
12875	35.73095
12925	35.72663
12975	35.7308
13025	35.72209
13075	35.7239
13125	35.71416
13175	35.71148
13225	35.71086
13275	35.70208
13325	35.70412
13375	35.69789
13425	35.69929
13475	35.69418
13525	35.69117
13575	35.68221
13625	35.67974
13675	35.67857
13725	35.67699
13775	35.67342
13825	35.67203
13875	35.66687
13925	35.66629
13975	35.66452
14025	35.65582
14075	35.65784
14125	35.64978
14175	35.65294
14225	35.64411
14275	35.63491
14325	35.64111
14375	35.6404
14425	35.6235
14475	35.63237
14525	35.62388
14570	35.62619
14620	35.62316
14675	35.6213
14725	35.61196
14775	35.61158
14825	35.60972
14875	35.60292
14925	35.6116
14975	35.60224
15025	35.59613
15075	35.59037
15125	35.59467
15175	35.59357
15225	35.5895
15275	35.59065
15325	35.58519
15375	35.5876
15425	35.58221
15475	35.58133
15525	35.57303
15575	35.55541
15625	35.57073
15675	35.55665
15725	35.56377
15775	35.53977
15825	35.54738
15875	35.52724
15925	35.5423
15975	35.54176
16050	35.53717
16150	35.52795
16250	35.52817
16350	35.52844
16450	35.50051
16550	35.51659
16650	35.4978
16750	35.49499
16850	35.4719
16950	35.48632
17050	35.47026
17150	35.46941
17250	35.4556
17350	35.43162
17450	35.44085
17550	35.43131
17650	35.42834
17750	35.41622
17850	35.41305
17950	35.40483
18050	35.39203
18150	35.37936
18250	35.37619
18350	35.36981
18450	35.36095
18550	35.35699
18650	35.34258
18750	35.32664
18850	35.33074
18950	35.31228
19050	35.32204
19150	35.31146
19250	35.3065
19350	35.29123
19450	35.2742
19550	35.28265
19650	35.27461
19750	35.26415
19850	35.26024
19950	35.25396
20050	35.25203
20150	35.24583
20250	35.23112
20350	35.22445
20450	35.2252
20550	35.21568
20650	35.20698
20750	35.20131
20850	35.19296
20950	35.18341
21050	35.18232
21150	35.17273
21250	35.16493
21350	35.1628
21450	35.1552
21550	35.14645
21650	35.12986
21750	35.12888
21850	35.12548
21950	35.12068
22050	35.10825
22150	35.10888
22250	35.09653
22350	35.09106
22450	35.08512
22550	35.08026
22650	35.06919
22750	35.0691
22850	35.05785
22950	34.99876
23050	35.02232
23150	35.01608
23250	34.96196
23350	34.98716
23450	34.9789
23550	34.92493
23650	34.95785
23750	34.94629
23850	34.90137
23950	34.92879
24050	34.92509
24150	34.88525
24250	34.90545
24350	34.90285
24450	34.87768
24550	34.87613
24650	34.88811
24750	34.87284
24850	34.85203
24950	34.86285
25050	34.87504
25150	34.8376
25250	34.85134
25350	34.85093
25450	34.84091
25550	34.8321
25650	34.82928
25750	34.83436
25850	34.80993
25950	34.815
26050	34.81729
26150	34.80295
26250	34.79175
26350	34.80046
26450	34.79746
26550	34.78932
26650	34.77871
26750	34.78421
26850	34.78249
26950	34.76915
27050	34.77301
27150	34.76802
27250	34.76639
27350	34.7526
27450	34.75432
27550	34.74752
27650	34.74226
27750	34.73402
27850	34.73566
27950	34.73502
28050	34.72918
28150	34.71981
28250	34.71754
28350	34.71627
28450	34.70913
28550	34.70321
28650	34.69713
28750	34.68815
28850	34.68885
28950	34.6848
29050	34.67973
29150	34.67583
29250	34.6665
29350	34.66652
29450	34.65926
29550	34.65452
29650	34.65181
29750	34.64699
29850	34.64031
29950	34.63483
30050	34.62965
30150	34.62638
30250	34.61897
30350	34.60755
30450	34.6072
30550	34.60409
30650	34.5993
30750	34.59562
30850	34.58743
30950	34.58348
31050	34.58069
31150	34.57178
31250	34.56942
31350	34.5647
31450	34.55939
31550	34.55378
31650	34.54725
31750	34.54457
31850	34.53913
31950	34.535
32100	34.5265
32300	34.51575
32500	34.50562
32700	34.49473
32900	34.48026
33100	34.47318
33300	34.46407
33500	34.45599
33700	34.44526
33900	34.43504
34100	34.42455
34300	34.41687
34500	34.40805
34700	34.39784
34900	34.3889
35100	34.38032
35300	34.36936
35500	34.36135
35700	34.35148
35900	34.34185
36100	34.33406
36300	34.32516
36500	34.31386
36700	34.30515
36900	34.29203
37100	34.28235
37300	34.27471
37500	34.26001
37700	34.25943
37900	34.2503
38100	34.2424
38300	34.23544
38500	34.22847
38700	34.21742
38900	34.20903
39100	34.20051
39300	34.19411
39500	34.1827
39700	34.17555
39900	34.16317
40100	34.15666
40300	34.15018
40500	34.139
40700	34.13495
40900	34.12744
41100	34.12011
41300	34.11287
41500	34.10326
41700	34.0927
41900	34.08676
42100	34.07788
42300	34.07371
42500	34.06352
42700	34.05738
42900	34.02584
43100	33.99268
43300	33.99766
43500	33.96802
43700	33.95087
43900	33.94153
44100	33.91457
44300	33.91159
44500	33.9017
44700	33.8786
44900	33.88441
45100	33.87036
45300	33.85332
45500	33.85588
45700	33.84968
45900	33.8293
46100	33.83631
46300	33.82445
46500	33.81496
46700	33.81424
46900	33.80911
47100	33.7996
47300	33.80453
47500	33.79367
47700	33.78759
47900	33.78272
48100	33.77064
48300	33.77666
48500	33.76662
48700	33.75694
48900	33.75235
49100	33.74558
49300	33.73964
49500	33.73103
49700	33.73116
49900	33.72344
50100	33.71923
50300	33.71322
50500	33.70213
50700	33.69993
50900	33.69367
51100	33.68476
51300	33.67823
51500	33.67406
51700	33.67531
51900	33.66679
52100	33.66168
52300	33.65368
52500	33.65161
52700	33.65286
52900	33.63905
53100	33.63208
53300	33.63098
53500	33.6251
53700	33.62045
53900	33.61622
54100	33.61137
54300	33.60204
54500	33.60247
54700	33.59296
54900	33.59059
55100	33.58289
55300	33.58898
55500	33.57318
55700	33.57509
55900	33.5662
56100	33.56569
56300	33.55494
56500	33.55516
56700	33.54968
56900	33.53968
57100	33.54083
57300	33.53566
57500	33.53024
57700	33.52433
57900	33.52282
58100	33.51525
58300	33.51112
58500	33.50648
58700	33.49817
58900	33.49361
59100	33.48597
59300	33.48602
59500	33.47903
59700	33.47718
59900	33.47228
60100	33.46725
60300	33.46201
60500	33.45489
60700	33.45036
60900	33.4448
61100	33.43906
61300	33.43599
61500	33.43185
61700	33.42865
61900	33.42284
62100	33.41924
62300	33.41217
62500	33.40571
62700	33.40105
62900	33.39688
63100	33.39131
63300	33.389
63500	33.3828
63700	33.38019
63900	33.37237
64200	33.3666
64600	33.35586
65000	33.34632
65400	33.33636
65800	33.32765
66200	33.31721
66600	33.30791
67000	33.29857
67400	33.28819
67800	33.27885
68200	33.26897
68600	33.26009
69000	33.25022
69400	33.24083
69800	33.23152
70200	33.22162
70600	33.2128
71000	33.20316
71400	33.19412
71800	33.18457
72200	33.17549
72600	33.16608
73000	33.15705
73400	33.14761
73800	33.13878
74200	33.12864
74600	33.11719
75000	33.10849
75400	33.10156
75800	33.0937
76200	33.08493
76600	33.07603
77000	33.06698
77400	33.05846
77800	33.04977
78200	33.04086
78600	33.03234
79000	33.02367
79400	33.01505
79800	33.00673
80200	32.99768
80600	32.98922
81000	32.98123
81400	32.97248
81800	32.96455
82200	32.95635
82600	32.94788
83000	32.93978
83400	32.93121
83800	32.92305
84200	32.91531
84600	32.90709
85000	32.89908
85400	32.89112
85800	32.88325
86200	32.87544
86600	32.8676
87000	32.85973
87400	32.85196
87800	32.84401
88200	32.836
88600	32.82837
89000	32.82065
89400	32.81318
89800	32.8051
90200	32.79802
90600	32.79068
91000	32.78235
91400	32.77526
91800	32.76807
92200	32.76094
92600	32.75351
93000	32.7462
93400	32.73865
93800	32.73158
94200	32.72434
94600	32.71687
95000	32.70972
95400	32.70264
95800	32.69559
96200	32.68831
96600	32.68137
97000	32.67432
97400	32.66645
97800	32.65987
98200	32.65312
98600	32.64626
99000	32.63944
99400	32.63243
99800	32.62557
100200	32.61877
200000	31.43066
400000	30.22811
600000	29.52112
800000	29.01838
1000000	28.628
1200000	28.30857
1400000	28.03844
1600000	27.80425