1177
230	22.31747
234	22.69675
240	23.12165
246	23.55812
252	23.93612
257	24.19044
260	24.39695
264	24.62848
269	24.87814
274	25.14786
279	25.41044
284	25.69192
290	25.982
296	26.26001
301	26.48405
308	26.77824
318	27.19924
328	27.58092
338	27.9474
348	28.2898
357	28.59392
366	28.87453
375	29.13474
385	29.41365
395	29.67743
405	29.92717
414	30.14358
422	30.32498
430	30.50033
441	30.7332
451	30.9341
460	31.10591
470	31.29013
480	31.46518
490	31.63399
500	31.7948
506	33.12304
512	33.72692
520	33.81966
530	33.96025
540	34.00482
550	34.1796
560	34.26042
570	34.36392
580	34.36293
590	34.49732
600	34.59258
610	34.67837
620	34.74096
630	34.81203
640	34.85617
650	34.93007
658	34.98843
665	35.02404
675	35.06392
685	35.11592
695	35.19222
705	35.23503
716	35.29273
726	35.33454
735	35.37322
745	35.42966
755	35.47576
765	35.51855
775	35.56329
785	35.60426
795	35.63759
805	35.67314
815	35.70403
825	35.74617
835	35.7569
845	35.80239
855	35.83255
865	35.86775
875	35.9038
885	35.93894
895	35.96766
905	35.98281
915	36.20335
925	37.01191
935	37.53959
945	38.01984
955	38.21404
965	38.31823
975	37.61028
985	38.36636
995	38.35157
1005	38.42938
1015	38.36942
1025	37.82228
1035	38.24032
1045	38.47364
1055	38.45901
1065	38.3941
1075	38.44424
1085	38.37277
1095	38.44378
1105	38.41135
1115	38.40352
1125	38.36008
1135	38.41412
1145	38.37618
1155	38.38917
1165	38.39589
1175	38.28704
1185	38.38047
1195	38.29779
1205	38.16395
1215	37.77082
1225	38.20961
1235	38.33115
1245	38.34949
1255	38.33385
1265	38.30237
1275	38.34055
1285	38.33793
1295	38.27493
1305	38.27645
1315	38.31956
1325	38.29741
1335	38.26685
1345	38.29204
1355	38.28447
1365	38.25716
1375	38.2545
1385	38.25604
1395	38.20776
1405	38.22105
1415	38.22572
1425	38.22123
1435	38.21992
1442	38.22594
1447	38.22058
1455	38.21191
1465	38.18948
1475	38.18484
1485	38.17685
1495	38.17321
1505	38.15098
1512	38.11538
1517	38.12808
1525	38.12836
1535	38.08821
1545	38.10048
1555	38.07867
1565	38.08694
1575	38.10015
1585	38.09861
1595	38.10123
1605	38.0901
1615	38.08516
1625	38.07329
1635	38.08314
1645	38.07786
1655	38.06095
1665	38.0766
1672	38.05552
1677	38.07
1685	38.07025
1695	38.05317
1705	38.03717
1715	38.02021
1725	38.01422
1735	38.02425
1745	38.01126
1755	38.02026
1765	37.99444
1775	37.99496
1785	37.99477
1795	38.00237
1805	37.99936
1815	37.97213
1825	37.97839
1835	37.96535
1845	37.93544
1855	37.92949
1865	37.93359
1875	37.94942
1885	37.9144
1895	37.89156
1905	37.91412
1915	37.89475
1925	37.88302
1935	37.89441
1945	37.90209
1955	37.87223
1967	37.89289
1976	37.90288
1984	37.87851
1995	37.86733
2005	37.87349
2015	37.86772
2025	37.87706
2035	37.85297
2045	37.85435
2055	37.84127
2065	37.84391
2074	37.85629
2078	37.83373
2085	37.8413
2095	37.82266
2105	37.82967
2115	37.82671
2125	37.83055
2135	37.81745
2145	37.80689
2155	37.81471
2165	37.80681
2175	37.80091
2185	37.79399
2195	37.79805
2205	37.78867
2215	37.77985
2225	37.76845
2235	37.77325
2245	37.76697
2255	37.7563
2265	37.75751
2275	37.75542
2285	37.75547
2295	37.73963
2305	37.74008
2315	37.7294
2325	37.67145
2335	37.71184
2345	37.70251
2355	37.70932
2365	37.69559
2375	37.69593
2385	37.68309
2395	37.68805
2405	37.67773
2415	37.67524
2425	37.67883
2435	37.66628
2445	37.66928
2455	37.66604
2465	37.65797
2475	37.65184
2485	37.6532
2495	37.6375
2505	37.64785
2513	37.63
2518	37.6382
2525	37.62734
2535	37.62095
2545	37.61567
2555	37.62179
2565	37.6155
2575	37.61845
2585	37.61518
2595	37.61002
2605	37.60171
2615	37.59755
2625	37.59648
2635	37.59348
2645	37.60173
2655	37.59779
2665	37.58621
2675	37.58724
2685	37.58456
2695	37.57439
2705	37.57383
2715	37.5662
2725	37.5602
2735	37.56368
2745	37.54382
2755	37.54241
2765	37.5429
2775	37.54742
2785	37.54105
2795	37.51207
2805	37.52131
2815	37.53379
2825	37.52828
2835	37.51705
2845	37.51617
2855	37.51248
2865	37.51437
2875	37.50853
2885	37.50636
2895	37.50176
2910	37.50116
2930	37.49058
2950	37.48098
2970	37.47724
2990	37.4698
3010	37.4641
3030	37.45827
3050	37.45094
3070	37.44362
3090	37.43726
3110	37.43016
3130	37.42258
3150	37.41693
3170	37.41011
3190	37.39828
3210	37.39653
3230	37.38805
3250	37.384
3270	37.37948
3290	37.37317
3310	37.36733
3330	37.36018
3350	37.35205
3370	37.34487
3390	37.33908
3410	37.33455
3430	37.32548
3450	37.32005
3470	37.3166
3490	37.31173
3510	37.30836
3530	37.30108
3550	37.29769
3570	37.28749
3590	37.28014
3610	37.27774
3630	37.27366
3640	37.27356
3650	37.2729
3670	37.26631
3690	37.25838
3710	37.28975
3730	37.28714
3750	37.3509
3770	37.35764
3790	37.39728
3810	37.42924
3830	37.3545
3850	37.44057
3870	37.45406
3890	37.32945
3910	37.4516
3930	37.43073
3950	37.43804
3970	37.29157
3990	37.43214
4010	37.4429
4030	37.43132
4050	37.43371
4070	37.42113
4090	37.38549
4110	37.31292
4130	37.40178
4150	37.40342
4170	37.39947
4190	37.39543
4210	37.3918
4230	37.38622
4250	37.38114
4270	37.3711
4290	37.36496
4310	37.34755
4330	37.31026
4350	37.26455
4370	37.3494
4390	37.33928
4410	37.34119
4430	37.34201
4450	37.33867
4470	37.32858
4490	37.3324
4510	37.33822
4530	37.32434
4550	37.31978
4570	37.32308
4590	37.31389
4610	37.31453
4630	37.30663
4650	37.30421
4670	37.30265
4690	37.29739
4710	37.28633
4730	37.28894
4750	37.28803
4770	37.28545
4790	37.27965
4810	37.27338
4830	37.26715
4850	37.2248
4870	37.16714
4890	37.25126
4910	37.25209
4930	37.2423
4950	37.25017
4970	37.24519
4990	37.23358
5010	37.22087
5030	37.22685
5050	37.22077
5070	37.22485
5090	37.21386
5110	37.21248
5130	37.20391
5150	37.19699
5170	37.18951
5190	37.1904
5210	37.18938
5230	37.18911
5250	37.18964
5270	37.17343
5290	37.1846
5310	37.18703
5330	37.17131
5350	37.17979
5370	37.17647
5390	37.16833
5410	37.16365
5430	37.16092
5450	37.16576
5470	37.15769
5490	37.154
5510	37.15089
5530	37.15142
5550	37.15134
5570	37.14547
5590	37.13914
5610	37.14213
5630	37.13757
5650	37.13545
5670	37.12841
5690	37.13091
5710	37.12128
5730	37.13158
5750	37.12326
5770	37.12325
5790	37.11388
5810	37.11789
5830	37.12004
5850	37.11249
5870	37.10694
5890	37.09359
5910	37.10371
5930	37.10185
5950	37.09878
5970	37.10069
5990	37.09433
6010	37.089
6030	37.09097
6050	37.09147
6070	37.08752
6090	37.0788
6110	37.07748
6130	37.06599
6150	37.06899
6170	37.06157
6190	37.06868
6210	37.06509
6230	37.05676
6250	37.04621
6270	37.0542
6290	37.05481
6310	37.0479
6330	37.04916
6350	37.04758
6370	37.04482
6390	37.04461
6410	37.03921
6430	37.03854
6450	37.03709
6470	37.03398
6490	37.02536
6510	37.03014
6530	37.02738
6550	37.00759
6570	36.96448
6590	37.01609
6610	37.01966
6630	37.01912
6650	37.01672
6670	37.01031
6690	37.01529
6710	37.00657
6730	37.01188
6750	37.00583
6770	37.00559
6790	37.00225
6810	36.99994
6830	37.00042
6850	36.99227
6870	36.99342
6890	36.9952
6910	36.99089
6930	36.98635
6950	36.98037
6970	36.98085
6990	36.97654
7010	36.96953
7030	36.97228
7050	36.9737
7070	36.96597
7090	36.96532
7110	36.95995
7130	36.95476
7150	36.95368
7170	36.95486
7190	36.94493
7210	36.94872
7230	36.95078
7250	36.94888
7270	36.94616
7290	36.93725
7310	36.93955
7330	36.93876
7350	36.93586
7370	36.93938
7390	36.93256
7410	36.92648
7430	36.92971
7450	36.92915
7470	36.92749
7490	36.92396
7510	36.92472
7530	36.92488
7550	36.92485
7570	36.92132
7590	36.91809
7610	36.9175
7630	36.91616
7650	36.9154
7670	36.90611
7690	36.9122
7710	36.90416
7730	36.90456
7750	36.90104
7770	36.90341
7790	36.90224
7810	36.90126
7830	36.89695
7850	36.89314
7870	36.8921
7890	36.88207
7910	36.87316
7930	36.87255
7950	36.86704
7970	36.87557
7990	36.87279
8010	36.87873
8030	36.8777
8050	36.87375
8070	36.87188
8090	36.86639
8110	36.866
8130	36.86638
8150	36.86457
8170	36.86311
8190	36.85713
8210	36.85499
8230	36.85548
8250	36.85568
8270	36.85575
8290	36.85209
8310	36.84436
8330	36.84057
8350	36.84175
8370	36.8387
8390	36.83065
8410	36.83827
8430	36.83353
8450	36.83869
8470	36.8293
8490	36.83776
8510	36.81112
8530	36.8364
8550	36.77283
8570	36.84203
8590	36.82633
8610	36.82177
8630	36.83811
8650	36.83042
8670	36.76518
8690	36.82523
8710	36.83261
8730	36.82809
8750	36.79857
8770	36.82174
8790	36.82634
8810	36.82139
8830	36.81988
8850	36.81027
8870	36.78756
8890	36.81573
8910	36.8182
8930	36.81411
8950	36.81089
8970	36.81041
8990	36.80647
9010	36.77361
9030	36.79107
9050	36.80465
9070	36.80187
9090	36.79364
9110	36.79701
9130	36.79702
9150	36.79531
9170	36.79319
9190	36.7923
9210	36.7812
9230	36.75714
9250	36.77566
9270	36.78081
9290	36.78132
9310	36.78193
9330	36.77987
9350	36.77705
9370	36.77114
9390	36.7739
9410	36.76646
9430	36.77037
9450	36.76553
9470	36.7664
9490	36.76479
9510	36.76105
9530	36.75296
9550	36.72701
9570	36.74892
9590	36.75465
9610	36.75037
9630	36.74953
9650	36.74393
9670	36.74298
9690	36.7444
9710	36.74134
9730	36.73878
9750	36.73663
9770	36.73611
9790	36.73067
9810	36.73506
9830	36.73301
9850	36.73181
9870	36.7285
9890	36.72663
9910	36.72535
9930	36.72413
9950	36.72272
9970	36.72104
9990	36.71861
10025	36.70652
10075	36.69726
10125	36.7031
10175	36.69691
10225	36.69452
10275	36.69193
10325	36.68318
10375	36.67906
10425	36.67757
10475	36.67147
10525	36.66943
10575	36.66319
10625	36.65897
10675	36.65067
10725	36.64891
10775	36.6431
10825	36.63662
10875	36.6333
10925	36.62173
10975	36.62289
11025	36.62482
11075	36.6222
11125	36.61723
11175	36.61143
11225	36.60957
11275	36.60243
11325	36.59868
11375	36.59406
11425	36.58821
11475	36.5893
11525	36.58579
11575	36.57943
11625	36.57212
11675	36.5702
11725	36.57046
11775	36.56218
11825	36.55857
11875	36.55106
11925	36.55477
11975	36.54154
12025	36.54494
12075	36.53913
12125	36.53686
12175	36.53556
12225	36.53106
12275	36.52658
12325	36.52335
12375	36.51974
12425	36.51608
12475	36.51348
12525	36.50832
12575	36.50543
12625	36.50152
12675	36.49736
12725	36.49543
12775	36.49165
12825	36.47227
12875	36.48215
12925	36.47842
12975	36.47886
13025	36.47384
13075	36.47249
13125	36.46617
13175	36.46312
13225	36.4617
13275	36.45444
13325	36.45509
13375	36.45066
13425	36.45068
13475	36.44704
13525	36.44432
13575	36.43728
13625	36.43414
13675	36.43314
13725	36.43184
13775	36.42855
13825	36.42668
13875	36.4215
13925	36.42173
13975	36.41968
14025	36.41284
14075	36.41401
14125	36.40872
14175	36.40936
14225	36.40218
14275	36.39707
14325	36.4
14375	36.39967
14425	36.3886
14475	36.39393
14525	36.38714
14570	36.38745
14620	36.38639
14675	36.38443
14725	36.37696
14775	36.37745
14825	36.37521
14875	36.36996
14925	36.37369
14975	36.36819
15025	36.3639
15075	36.35875
15125	36.36309
15175	36.36194
15225	36.36054
15275	36.35804
15325	36.35466
15375	36.35741
15425	36.35291
15475	36.35426
15525	36.34911
15575	36.33538
15625	36.34506
15675	36.33862
15725	36.33714
15775	36.32291
15825	36.32823
15875	36.31551
15925	36.32895
15975	36.32089
16050	36.31982
16150	36.31201
16250	36.3096
16350	36.30869
16450	36.28662
16550	36.29483
16650	36.27893
16750	36.27538
16850	36.25779
16950	36.26317
17050	36.2487
17150	36.24463
17250	36.23501
17350	36.21856
17450	36.21909
17550	36.21108
17650	36.20474
17750	36.19536
17850	36.18919
17950	36.1818
18050	36.17163
18150	36.16045
18250	36.15569
18350	36.14901
18450	36.1395
18550	36.13383
18650	36.1231
18750	36.10926
18850	36.11037
18950	36.09548
19050	36.09712
19150	36.08827
19250	36.08158
19350	36.07073
19450	36.0581
19550	36.05795
19650	36.05062
19750	36.04227
19850	36.03592
19950	36.02895
20050	36.02519
20150	36.01902
20250	36.00811
20350	36.00012
20450	35.99768
20550	35.98995
20650	35.98121
20750	35.97495
20850	35.9682
20950	35.95921
21050	35.9556
21150	35.94738
21250	35.94071
21350	35.93573
21450	35.92871
21550	35.92186
21650	35.90895
21750	35.90569
21850	35.89983
21950	35.89455
22050	35.88469
22150	35.88183
22250	35.87198
22350	35.86633
22450	35.86061
22550	35.85421
22650	35.84664
22750	35.84216
22850	35.83372
22950	35.77248
23050	35.79803
23150	35.79292
23250	35.73603
23350	35.76303
23450	35.75913
23550	35.70256
23650	35.73412
23750	35.72855
23850	35.67992
23950	35.70638
24050	35.70723
24150	35.66535
24250	35.68601
24350	35.68604
24450	35.65839
24550	35.65837
24650	35.67075
24750	35.65509
24850	35.6347
24950	35.64738
25050	35.65705
25150	35.61901
25250	35.63262
25350	35.63484
25450	35.62277
25550	35.61489
25650	35.61497
25750	35.61671
25850	35.59351
25950	35.599
26050	35.5998
26150	35.58747
26250	35.58055
26350	35.58402
26450	35.58128
26550	35.5718
26650	35.56305
26750	35.56823
26850	35.56345
26950	35.55261
27050	35.55354
27150	35.54823
27250	35.54617
27350	35.53497
27450	35.53433
27550	35.53002
27650	35.52401
27750	35.51756
27850	35.51566
27950	35.51312
28050	35.50755
28150	35.50051
28250	35.49676
28350	35.49364
28450	35.48786
28550	35.48234
28650	35.47683
28750	35.46957
28850	35.46749
28950	35.46265
29050	35.45723
29150	35.45293
29250	35.44569
29350	35.44333
29450	35.43628
29550	35.43161
29650	35.42748
29750	35.42223
29850	35.41669
29950	35.41144
30050	35.40607
30150	35.40159
30250	35.39566
30350	35.38637
30450	35.38456
30550	35.37965
30650	35.37433
30750	35.37012
30850	35.36399
30950	35.35878
31050	35.3547
31150	35.3471
31250	35.34375
31350	35.33889
31450	35.33355
31550	35.32742
31650	35.32281
31750	35.31824
31850	35.31298
31950	35.30836
32100	35.30024
32300	35.28992
32500	35.27981
32700	35.26949
32900	35.25726
33100	35.24911
33300	35.23886
33500	35.23011
33700	35.22005
33900	35.20937
34100	35.19961
34300	35.19137
34500	35.18208
34700	35.17251
34900	35.16317
35100	35.154
35300	35.14386
35500	35.1352
35700	35.12556
35900	35.11677
36100	35.10781
36300	35.09946
36500	35.08868
36700	35.08014
36900	35.06924
37100	35.06079
37300	35.05268
37500	35.04065
37700	35.03589
37900	35.02706
38100	35.0184
38300	35.01054
38500	35.00262
38700	34.99318
38900	34.98507
39100	34.97608
39300	34.96878
39500	34.95926
39700	34.95162
39900	34.94119
40100	34.93376
40300	34.92614
40500	34.91641
40700	34.91018
40900	34.90233
41100	34.89495
41300	34.88713
41500	34.87823
41700	34.86895
41900	34.862
42100	34.85325
42300	34.84746
42500	34.83847
42700	34.83175
42900	34.80148
43100	34.77478
43300	34.78173
43500	34.75151
43700	34.7386
43900	34.72873
44100	34.69668
44300	34.69611
44500	34.68369
44700	34.65704
44900	34.66719
45100	34.65114
45300	34.63055
45500	34.63556
45700	34.62925
45900	34.60399
46100	34.61503
46300	34.60215
46500	34.59678
46700	34.59428
46900	34.58727
47100	34.57604
47300	34.58209
47500	34.57135
47700	34.56573
47900	34.55902
48100	34.54737
48300	34.5546
48500	34.54456
48700	34.53411
48900	34.53149
49100	34.52293
49300	34.51778
49500	34.51026
49700	34.50945
49900	34.50117
50100	34.49904
50300	34.49299
50500	34.48072
50700	34.47752
50900	34.47351
51100	34.46422
51300	34.45932
51500	34.45329
51700	34.45552
51900	34.44496
52100	34.43901
52300	34.43269
52500	34.43066
52700	34.43239
52900	34.41698
53100	34.41049
53300	34.4092
53500	34.4037
53700	34.39906
53900	34.39482
54100	34.38973
54300	34.38081
54500	34.38091
54700	34.37188
54900	34.36874
55100	34.36089
55300	34.36672
55500	34.35106
55700	34.35339
55900	34.34419
56100	34.34314
56300	34.3326
56500	34.3328
56700	34.32673
56900	34.31726
57100	34.31771
57300	34.31262
57500	34.30723
57700	34.3011
57900	34.29937
58100	34.29211
58300	34.28759
58500	34.28293
58700	34.27521
58900	34.2714
59100	34.26559
59300	34.26281
59500	34.25615
59700	34.25356
59900	34.24844
60100	34.24372
60300	34.23842
60500	34.23119
60700	34.22695
60900	34.2216
61100	34.21572
61300	34.21204
61500	34.2078
61700	34.20464
61900	34.19904
62100	34.1951
62300	34.18852
62500	34.18195
62700	34.17748
62900	34.17264
63100	34.16764
63300	34.16444
63500	34.15846
63700	34.15575
63900	34.14786
64200	34.14185
64600	34.13131
65000	34.12195
65400	34.11174
65800	34.10293
66200	34.09253
66600	34.08297
67000	34.07378
67400	34.06351
67800	34.05393
68200	34.04434
68600	34.03522
69000	34.02514
69400	34.01579
69800	34.00633
70200	33.99667
70600	33.98765
71000	33.97804
71400	33.96883
71800	33.95935
72200	33.95021
72600	33.94088
73000	33.9318
73400	33.92245
73800	33.9134
74200	33.90406
74600	33.89397
75000	33.88515
75400	33.87693
75800	33.86829
76200	33.85932
76600	33.8505
77000	33.8418
77400	33.83305
77800	33.82444
78200	33.8157
78600	33.80716
79000	33.79852
79400	33.78992
79800	33.78136
80200	33.77282
80600	33.76439
81000	33.75603
81400	33.74766
81800	33.73942
82200	33.73125
82600	33.72297
83000	33.71474
83400	33.70645
83800	33.69842
84200	33.69052
84600	33.6823
85000	33.67439
85400	33.66639
85800	33.65831
86200	33.65052
86600	33.64287
87000	33.63494
87400	33.62731
87800	33.61939
88200	33.61161
88600	33.60401
89000	33.59628
89400	33.58873
89800	33.58105
90200	33.57359
90600	33.56628
91000	33.55835
91400	33.55144
91800	33.54393
92200	33.53658
92600	33.52914
93000	33.52191
93400	33.51485
93800	33.50749
94200	33.50032
94600	33.4928
95000	33.48582
95400	33.47872
95800	33.47167
96200	33.46454
96600	33.45755
97000	33.45056
97400	33.44327
97800	33.43656
98200	33.42962
98600	33.42293
99000	33.41593
99400	33.40908
99800	33.40226
100200	33.39552
200000	32.25846
400000	31.46663
600000	31.27457
800000	31.1778
1000000	31.08938
1200000	30.98888
1400000	30.86241
1600000	30.68583