1221 1
91	38.73555
94	38.80048
96	38.84746
98	38.88941
100	38.91688
102	38.93494
104	38.93817
106	38.94098
108	38.94399
110	38.94712
114	38.95347
118	38.96069
121	38.96473
125	38.97034
127	38.97316
128	38.97325
131	38.97284
132	38.9727
134	38.96875
137	38.96051
140	38.95353
143	38.94857
147	38.93798
151	38.93001
155	38.92291
159	38.91313
162	38.9074
166	38.89851
170	38.88887
173	38.88218
177	38.87383
180	38.87085
182	38.87011
186	38.87115
191	38.86979
194	38.86782
198	38.86858
202	38.875
205	38.88516
210	38.90396
216	38.96389
220	39.01192
223	39.0918
227	39.23895
230	39.53613
234	39.53386
240	39.52757
246	39.52231
252	39.52167
257	39.52595
260	39.52205
264	39.57926
269	39.58964
274	39.59553
279	39.55219
284	39.60714
290	39.63063
296	39.59823
301	39.57738
308	39.62066
318	39.62202
328	39.64049
338	39.62999
348	39.61411
357	39.73241
366	39.89907
375	39.89051
385	39.80537
395	39.95711
405	40.03902
414	40.03408
422	39.99443
430	39.97131
441	40.02738
451	40.03299
460	39.97836
470	39.98123
480	40.02456
490	39.95036
500	40.03041
506	39.98083
512	40.19427
520	40.16761
530	40.12708
540	40.04825
550	40.03463
560	40.14153
570	40.17902
580	40.16071
590	40.16282
600	40.08296
610	40.07618
620	40.16482
630	40.13681
640	40.16611
650	40.14391
658	40.10383
665	40.14798
675	40.16442
685	40.09217
695	40.14839
705	40.05157
716	40.15102
726	40.1483
735	40.14569
745	40.12506
755	40.11677
765	40.06918
775	40.10529
785	40.06747
795	40.09021
805	40.09215
815	40.0892
825	40.08968
835	39.98854
845	40.07051
855	40.05899
865	40.0674
875	40.06327
885	40.05859
895	40.05457
905	40.0419
915	40.02919
925	40.35202
935	40.52617
945	40.62852
955	40.67531
965	40.70432
975	40.35245
985	40.59956
995	40.5729
1005	40.64596
1015	40.65647
1025	40.52994
1035	40.61074
1045	40.70692
1055	40.68398
1065	40.61969
1075	40.64559
1085	40.59674
1095	40.64544
1105	40.6206
1115	40.60879
1125	40.5533
1135	40.60971
1145	40.58705
1155	40.57889
1165	40.56563
1175	40.40767
1185	40.53875
1195	40.49959
1205	40.44338
1215	40.36478
1225	40.47353
1235	40.51746
1245	40.51659
1255	40.50443
1265	40.49947
1275	40.52032
1285	40.51863
1295	40.46884
1305	40.47022
1315	40.50454
1325	40.48379
1335	40.46306
1345	40.47733
1355	40.46429
1365	40.43798
1375	40.42853
1385	40.42052
1395	40.2977
1405	40.27587
1415	40.38865
1425	40.36785
1435	40.38368
1442	40.38307
1447	40.37943
1455	40.36433
1465	40.34391
1475	40.34581
1485	40.34485
1495	40.33535
1505	40.31511
1512	40.28617
1517	40.29361
1525	40.29058
1535	40.23296
1545	40.17456
1555	40.17715
1565	40.2244
1575	40.24538
1585	40.24738
1595	40.24452
1605	40.23204
1615	40.22121
1625	40.2168
1635	40.22843
1645	40.224
1655	40.22001
1665	40.22292
1672	40.19535
1677	40.23681
1685	40.22634
1695	40.20821
1705	40.1976
1715	40.17643
1725	40.16678
1735	40.18158
1745	40.17237
1755	40.17318
1765	40.16161
1775	40.14673
1785	40.15148
1795	40.15262
1805	40.15193
1815	40.1232
1825	40.12749
1835	40.11859
1845	40.09183
1855	40.09163
1865	40.09362
1875	40.10079
1885	40.06956
1895	40.05221
1905	40.07138
1915	40.05231
1925	40.0328
1935	40.05178
1945	40.05585
1955	40.02128
1967	40.04372
1976	40.05191
1984	40.03181
1995	40.02164
2005	40.02977
2015	40.0229
2025	40.02892
2035	40.00323
2045	40.00461
2055	39.95073
2065	39.97152
2074	40.00787
2078	39.98137
2085	39.99088
2095	39.97179
2105	39.97673
2115	39.9782
2125	39.97596
2135	39.96715
2145	39.95412
2155	39.96238
2165	39.95252
2175	39.95051
2185	39.93845
2195	39.94397
2205	39.93763
2215	39.92635
2225	39.91888
2235	39.91746
2245	39.91307
2255	39.90086
2265	39.90366
2275	39.90055
2285	39.89666
2295	39.87423
2305	39.87942
2315	39.87024
2325	39.82877
2335	39.85469
2345	39.85223
2355	39.85059
2365	39.84197
2375	39.83619
2385	39.82379
2395	39.82722
2405	39.8195
2415	39.81722
2425	39.81769
2435	39.80678
2445	39.80798
2455	39.80375
2465	39.79773
2475	39.79088
2485	39.78574
2495	39.72264
2505	39.77453
2513	39.75517
2518	39.76844
2525	39.76453
2535	39.76159
2545	39.75272
2555	39.75428
2565	39.74928
2575	39.7494
2585	39.74446
2595	39.73841
2605	39.73334
2615	39.72697
2625	39.72559
2635	39.723
2645	39.72322
2655	39.72018
2665	39.70729
2675	39.70602
2685	39.70425
2695	39.69374
2705	39.69065
2715	39.68524
2725	39.68249
2735	39.67862
2745	39.66925
2755	39.6666
2765	39.6638
2775	39.66561
2785	39.65907
2795	39.64017
2805	39.6446
2815	39.64953
2825	39.64536
2835	39.63384
2845	39.63346
2855	39.62853
2865	39.62886
2875	39.62402
2885	39.62091
2895	39.61596
2910	39.61243
2930	39.60526
2950	39.5954
2970	39.59011
2990	39.58212
3010	39.57359
3030	39.5686
3050	39.56259
3070	39.55597
3090	39.54752
3110	39.54242
3130	39.53427
3150	39.52933
3170	39.52135
3190	39.51269
3210	39.50766
3230	39.50137
3250	39.49701
3270	39.49002
3290	39.48454
3310	39.47916
3330	39.47216
3350	39.46394
3370	39.45693
3390	39.45092
3410	39.44472
3430	39.4361
3450	39.43055
3470	39.42657
3490	39.4212
3510	39.41729
3530	39.41229
3550	39.40787
3570	39.40162
3590	39.39453
3610	39.38997
3630	39.38603
3640	39.38364
3650	39.29394
3670	39.28687
3690	39.27703
3710	39.28739
3730	39.28268
3750	39.31511
3770	39.31379
3790	39.33429
3810	39.35338
3830	39.30201
3850	39.35332
3870	39.35482
3890	39.27876
3910	39.34568
3930	39.31712
3950	39.32548
3970	39.23447
3990	39.32178
4010	39.32551
4030	39.31422
4050	39.31506
4070	39.30177
4090	39.28125
4110	39.233
4130	39.28358
4150	39.28445
4170	39.27894
4190	39.27491
4210	39.26968
4230	39.26229
4250	39.25667
4270	39.2456
4290	39.24245
4310	39.22814
4330	39.20463
4350	39.17024
4370	39.22217
4390	39.21364
4410	39.21069
4430	39.2075
4450	39.20373
4470	39.1936
4490	39.19466
4510	39.19651
4530	39.18411
4550	39.17762
4570	39.18017
4590	39.16947
4610	39.16817
4630	39.15903
4650	39.15298
4670	39.15295
4690	39.1455
4710	39.13486
4730	39.13787
4750	39.13511
4770	39.13135
4790	39.12576
4810	39.1184
4830	39.11361
4850	39.08486
4870	39.0383
4890	39.0969
4910	39.09452
4930	39.08293
4950	39.08614
4970	39.08168
4990	39.07028
5010	39.05507
5030	39.06067
5050	39.05423
5070	39.05571
5090	39.04725
5110	39.04349
5130	39.03378
5150	39.02773
5170	39.02053
5190	39.01807
5210	39.01505
5230	39.01487
5250	39.01344
5270	38.999
5290	39.00667
5310	39.00376
5330	38.99229
5350	38.99579
5370	38.99224
5390	38.98465
5410	38.97797
5430	38.97549
5450	38.97421
5470	38.96687
5490	38.96392
5510	38.95828
5530	38.95755
5550	38.95545
5570	38.95076
5590	38.94491
5610	38.94337
5630	38.93808
5650	38.93468
5670	38.92764
5690	38.92757
5710	38.92097
5730	38.92691
5750	38.91748
5770	38.91614
5790	38.90779
5810	38.9082
5830	38.90858
5850	38.90188
5870	38.89333
5890	38.88445
5910	38.88919
5930	38.88623
5950	38.8821
5970	38.88276
5990	38.87543
6010	38.87109
6030	38.87194
6050	38.87082
6070	38.86868
6090	38.8597
6110	38.85608
6130	38.84693
6150	38.84483
6170	38.83674
6190	38.84059
6210	38.83567
6230	38.82682
6250	38.81785
6270	38.82396
6290	38.82463
6310	38.81664
6330	38.8173
6350	38.81266
6370	38.80929
6390	38.8093
6410	38.80359
6430	38.8024
6450	38.79855
6470	38.7967
6490	38.78801
6510	38.79107
6530	38.78715
6550	38.77176
6570	38.7288
6590	38.77595
6610	38.77733
6630	38.77502
6650	38.77285
6670	38.76416
6690	38.76206
6710	38.75355
6730	38.75426
6750	38.74862
6770	38.74729
6790	38.7415
6810	38.74158
6830	38.74084
6850	38.73545
6870	38.73629
6890	38.73743
6910	38.7353
6930	38.73127
6950	38.72884
6970	38.73034
6990	38.72692
7010	38.72229
7030	38.72438
7050	38.72571
7070	38.71577
7090	38.70455
7110	38.69006
7130	38.68487
7150	38.68367
7170	38.68381
7190	38.67813
7210	38.68039
7230	38.68192
7250	38.68459
7270	38.68488
7290	38.68008
7310	38.68452
7330	38.68543
7350	38.68542
7370	38.6902
7390	38.68571
7410	38.68408
7430	38.68462
7450	38.68499
7470	38.68416
7490	38.6824
7510	38.68454
7530	38.68635
7550	38.68628
7570	38.68326
7590	38.68013
7610	38.67709
7630	38.66908
7650	38.66142
7670	38.65124
7690	38.6512
7710	38.64608
7730	38.64334
7750	38.64175
7770	38.63944
7790	38.64518
7810	38.64303
7830	38.63787
7850	38.6306
7870	38.6365
7890	38.6269
7910	38.62184
7930	38.62446
7950	38.62062
7970	38.62865
7990	38.62912
8010	38.63179
8030	38.62977
8050	38.62999
8070	38.62864
8090	38.62402
8110	38.62477
8130	38.63016
8150	38.62976
8170	38.63154
8190	38.62608
8210	38.59382
8230	38.59881
8250	38.596
8270	38.59907
8290	38.59476
8310	38.58054
8330	38.57829
8350	38.57938
8370	38.57841
8390	38.57153
8410	38.57822
8430	38.55954
8450	38.54187
8470	38.54253
8490	38.55432
8510	38.52925
8530	38.55847
8550	38.52597
8570	38.56682
8590	38.55403
8610	38.55526
8630	38.57497
8650	38.57427
8670	38.53097
8690	38.56622
8710	38.57887
8730	38.57759
8750	38.5527
8770	38.57534
8790	38.58147
8810	38.57398
8830	38.57545
8850	38.57276
8870	38.54949
8890	38.57656
8910	38.58163
8930	38.57243
8950	38.57219
8970	38.57229
8990	38.56965
9010	38.5406
9030	38.55752
9050	38.57435
9070	38.5705
9090	38.55827
9110	38.56175
9130	38.56863
9150	38.56454
9170	38.56273
9190	38.56543
9210	38.54463
9230	38.51867
9250	38.53505
9270	38.53733
9290	38.53474
9310	38.53891
9330	38.5371
9350	38.53354
9370	38.52749
9390	38.53341
9410	38.52266
9430	38.53128
9450	38.52459
9470	38.53164
9490	38.53193
9510	38.52706
9530	38.52378
9550	38.49659
9570	38.51758
9590	38.52796
9610	38.52152
9630	38.52176
9650	38.51451
9670	38.51261
9690	38.51884
9710	38.51508
9730	38.51253
9750	38.50932
9770	38.51059
9790	38.50421
9810	38.51347
9830	38.50803
9850	38.51115
9870	38.50785
9890	38.50611
9910	38.5034
9930	38.50315
9950	38.50148
9970	38.50171
9990	38.49938
10025	38.48842
10075	38.47806
10125	38.48432
10175	38.47794
10225	38.47545
10275	38.47288
10325	38.46318
10375	38.45782
10425	38.45669
10475	38.45111
10525	38.44924
10575	38.44225
10625	38.43955
10675	38.42883
10725	38.42755
10775	38.42199
10825	38.41432
10875	38.41249
10925	38.40277
10975	38.4033
11025	38.40399
11075	38.40016
11125	38.39527
11175	38.38898
11225	38.38652
11275	38.37751
11325	38.37362
11375	38.36903
11425	38.36283
11475	38.36476
11525	38.36125
11575	38.35348
11625	38.34531
11675	38.34288
11725	38.34411
11775	38.33421
11825	38.33076
11875	38.32221
11925	38.32661
11975	38.3114
12025	38.31657
12075	38.31027
12125	38.30799
12175	38.30616
12225	38.30148
12275	38.2969
12325	38.29172
12375	38.28944
12425	38.28489
12475	38.2816
12525	38.27517
12575	38.27222
12625	38.26885
12675	38.26345
12725	38.26187
12775	38.25972
12825	38.23735
12875	38.24887
12925	38.24109
12975	38.24473
13025	38.23766
13075	38.23867
13125	38.22945
13175	38.22773
13225	38.22692
13275	38.21889
13325	38.22106
13375	38.2152
13425	38.21661
13475	38.21265
13525	38.21017
13575	38.20292
13625	38.1995
13675	38.19972
13725	38.1988
13775	38.1954
13825	38.19496
13875	38.18896
13925	38.18997
13975	38.18908
14025	38.18127
14075	38.18406
14125	38.17765
14175	38.1797
14225	38.17296
14275	38.16441
14325	38.17112
14375	38.17018
14425	38.15778
14475	38.1651
14525	38.15883
14570	38.16038
14620	38.14714
14675	38.1459
14725	38.13751
14775	38.13967
14825	38.13809
14875	38.13341
14925	38.14115
14975	38.13416
15025	38.13139
15075	38.12661
15125	38.13192
15175	38.13152
15225	38.13255
15275	38.13275
15325	38.12921
15375	38.1344
15425	38.13022
15475	38.13188
15525	38.12533
15575	38.09858
15625	38.1116
15675	38.11036
15725	38.12008
15775	38.08351
15825	38.0922
15875	38.0877
15925	38.10209
15975	38.08627
16050	38.11904
16150	38.11562
16250	38.11589
16350	38.11365
16450	38.10294
16550	38.10137
16650	38.09502
16750	38.08485
16850	38.07364
16950	38.0755
17050	38.06072
17150	38.05952
17250	38.0439
17350	38.03481
17450	38.03088
17550	38.02306
17650	38.01761
17750	38.00782
17850	38.00525
17950	37.99514
18050	37.9849
18150	37.97836
18250	37.97094
18350	37.96296
18450	37.95425
18550	37.95076
18650	37.93791
18750	37.9298
18850	37.92745
18950	37.90792
19050	37.91721
19150	37.90803
19250	37.90316
19350	37.89015
19450	37.87888
19550	37.88145
19650	37.87368
19750	37.86353
19850	37.85997
19950	37.85405
20050	37.85238
20150	37.84554
20250	37.83191
20350	37.82741
20450	37.82793
20550	37.81915
20650	37.81128
20750	37.80624
20850	37.79771
20950	37.78941
21050	37.78844
21150	37.77953
21250	37.77237
21350	37.77102
21450	37.76393
21550	37.75603
21650	37.74791
21750	37.74085
21850	37.73645
21950	37.7318
22050	37.71878
22150	37.72142
22250	37.70758
22350	37.70344
22450	37.69807
22550	37.69427
22650	37.68269
22750	37.68395
22850	37.66592
22950	37.59367
23050	37.62356
23150	37.61728
23250	37.55253
23350	37.58736
23450	37.56482
23550	37.50595
23650	37.55043
23750	37.529
23850	37.48488
23950	37.52149
24050	37.51003
24150	37.46952
24250	37.50048
24350	37.49009
24450	37.46666
24550	37.4696
24650	37.48157
24750	37.46617
24850	37.44686
24950	37.45768
25050	37.4718
25150	37.43381
25250	37.45251
25350	37.44989
25450	37.44364
25550	37.43477
25650	37.43369
25750	37.43792
25850	37.41581
25950	37.41924
26050	37.42643
26150	37.41434
26250	37.40773
26350	37.41278
26450	37.41003
26550	37.40215
26650	37.39387
26750	37.40434
26850	37.39982
26950	37.38377
27050	37.39124
27150	37.38593
27250	37.3876
27350	37.37021
27450	37.37594
27550	37.37551
27650	37.36807
27750	37.35636
27850	37.36109
27950	37.36124
28050	37.35619
28150	37.3454
28250	37.34573
28350	37.34542
28450	37.33996
28550	37.33385
28650	37.33042
28750	37.32593
28850	37.32304
28950	37.31847
29050	37.31343
29150	37.31081
29250	37.30155
29350	37.30339
29450	37.29638
29550	37.29198
29650	37.29016
29750	37.28597
29850	37.27968
29950	37.27563
30050	37.27073
30150	37.26804
30250	37.26179
30350	37.25507
30450	37.25346
30550	37.2482
30650	37.24389
30750	37.24026
30850	37.23314
30950	37.2293
31050	37.227
31150	37.21918
31250	37.21678
31350	37.2121
31450	37.20718
31550	37.20258
31650	37.1964
31750	37.194
31850	37.18903
31950	37.18508
32100	37.17751
32300	37.16738
32500	37.15836
32700	37.14853
32900	37.1308
33100	37.12261
33300	37.11356
33500	37.10629
33700	37.09688
33900	37.08782
34100	37.0784
34300	37.0716
34500	37.06375
34700	37.05521
34900	37.04714
35100	37.03967
35300	37.03014
35500	37.02314
35700	37.01463
35900	37.0066
36100	36.99944
36300	36.99186
36500	36.98209
36700	36.97449
36900	36.96417
37100	36.95584
37300	36.95035
37500	36.93932
37700	36.93577
37900	36.92784
38100	36.92097
38300	36.91476
38500	36.90796
38700	36.89832
38900	36.89186
39100	36.88495
39300	36.87828
39500	36.86874
39700	36.86209
39900	36.85218
40100	36.84682
40300	36.84122
40500	36.83275
40700	36.82717
40900	36.82036
41100	36.81359
41300	36.80718
41500	36.79952
41700	36.79167
41900	36.78491
42100	36.77744
42300	36.77297
42500	36.76453
42700	36.75886
42900	36.72931
43100	36.69729
43300	36.70147
43500	36.6755
43700	36.66103
43900	36.64896
44100	36.62498
44300	36.622
44500	36.61207
44700	36.58431
44900	36.58998
45100	36.57826
45300	36.56681
45500	36.56969
45700	36.56434
45900	36.55024
46100	36.55692
46300	36.54779
46500	36.54486
46700	36.54575
46900	36.53842
47100	36.53175
47300	36.53688
47500	36.52832
47700	36.52478
47900	36.52279
48100	36.51319
48300	36.51895
48500	36.51253
48700	36.50547
48900	36.50231
49100	36.49878
49300	36.49498
49500	36.48831
49700	36.49081
49900	36.48558
50100	36.48331
50300	36.47972
50500	36.47228
50700	36.47249
50900	36.4681
51100	36.46367
51300	36.46169
51500	36.45667
51700	36.45849
51900	36.4534
52100	36.45095
52300	36.44612
52500	36.4453
52700	36.44717
52900	36.43878
53100	36.43397
53300	36.43444
53500	36.4311
53700	36.42863
53900	36.42667
54100	36.42422
54300	36.41878
54500	36.4202
54700	36.41358
54900	36.41386
55100	36.40825
55300	36.41438
55500	36.40423
55700	36.40585
55900	36.40107
56100	36.40206
56300	36.39512
56500	36.39612
56700	36.39309
56900	36.38701
57100	36.38864
57300	36.38618
57500	36.38297
57700	36.38038
57900	36.38002
58100	36.37622
58300	36.3741
58500	36.37154
58700	36.36715
58900	36.36565
59100	36.36272
59300	36.36176
59500	36.35784
59700	36.35742
59900	36.35507
60100	36.35254
60300	36.3499
60500	36.34616
60700	36.34424
60900	36.34146
61100	36.33878
61300	36.33758
61500	36.33584
61700	36.33473
61900	36.33159
62100	36.33028
62300	36.32688
62500	36.32352
62700	36.32143
62900	36.31955
63100	36.3173
63300	36.31635
63500	36.31345
63700	36.31264
63900	36.30935
64200	36.30657
64600	36.30175
65000	36.29777
65400	36.29345
65800	36.28991
66200	36.28555
66600	36.2816
67000	36.27786
67400	36.27365
67800	36.26981
68200	36.26588
68600	36.26248
69000	36.25856
69400	36.25498
69800	36.25139
70200	36.24775
70600	36.24455
71000	36.241
71400	36.23779
71800	36.23436
72200	36.23123
72600	36.22794
73000	36.22482
73400	36.22161
73800	36.21862
74200	36.21537
74600	36.21232
75000	36.20942
75400	36.20667
75800	36.20409
76200	36.2014
76600	36.19867
77000	36.19596
77400	36.19339
77800	36.19084
78200	36.18827
78600	36.18589
79000	36.18339
79400	36.18097
79800	36.17865
80200	36.17617
80600	36.1739
81000	36.17181
81400	36.16953
81800	36.16743
82200	36.16528
82600	36.16317
83000	36.16115
83400	36.15908
83800	36.15709
84200	36.15522
84600	36.15328
85000	36.15144
85400	36.14961
85800	36.14783
86200	36.14611
86600	36.14439
87000	36.14266
87400	36.14095
87800	36.13926
88200	36.13758
88600	36.13598
89000	36.13446
89400	36.13293
89800	36.1313
90200	36.12988
90600	36.12845
91000	36.12685
91400	36.12488
91800	36.12357
92200	36.12227
92600	36.12093
93000	36.11962
93400	36.11831
93800	36.11705
94200	36.11582
94600	36.11456
95000	36.11335
95400	36.11219
95800	36.11104
96200	36.10987
96600	36.10875
97000	36.10762
97400	36.10642
97800	36.10542
98200	36.10437
98600	36.10333
99000	36.10234
99400	36.1013
99800	36.10032
100200	36.09934
200000	36.01939
400000	35.96405
600000	35.9058
800000	35.83881
1000000	35.75962
1200000	35.6627
1400000	35.53776
1600000	35.36167