1221 1
91	38.36729
94	38.436
96	38.48665
98	38.53271
100	38.56884
102	38.59589
104	38.60677
106	38.61944
108	38.63192
110	38.64256
114	38.66434
118	38.68925
121	38.70639
125	38.72911
127	38.74015
128	38.74403
131	38.75469
132	38.75818
134	38.7625
137	38.76726
140	38.77212
143	38.77714
147	38.78352
151	38.79067
155	38.79786
159	38.80394
162	38.80832
166	38.81377
170	38.81463
173	38.81581
177	38.82046
180	38.82423
182	38.82706
186	38.83331
191	38.8402
194	38.84578
198	38.85246
202	38.85924
205	38.86662
210	38.88252
216	38.92599
220	38.95793
223	38.99398
227	39.06375
230	39.34046
234	39.33985
240	39.33754
246	39.3342
252	39.32986
257	39.32581
260	39.3244
264	39.32095
269	39.31692
274	39.313
279	39.30881
284	39.30426
290	39.29826
296	39.29216
301	39.28742
308	39.27964
318	39.2692
328	39.25965
338	39.25019
348	39.2404
357	39.2396
366	39.24731
375	39.23531
385	39.22158
395	39.23318
405	39.23744
414	39.23153
422	39.2197
430	39.20848
441	39.20973
451	39.20212
460	39.18358
470	39.17712
480	39.17945
490	39.15612
500	39.16571
506	39.20202
512	39.39786
520	39.38206
530	39.34886
540	39.3083
550	39.31488
560	39.38081
570	39.40339
580	39.38221
590	39.38494
600	39.31421
610	39.34058
620	39.40012
630	39.38435
640	39.3953
650	39.3803
658	39.3455
665	39.37907
675	39.39911
685	39.32437
695	39.38629
705	39.29035
716	39.39564
726	39.38956
735	39.38876
745	39.37025
755	39.36471
765	39.3299
775	39.35741
785	39.34043
795	39.35218
805	39.34462
815	39.34168
825	39.34536
835	39.23978
845	39.3257
855	39.31876
865	39.32582
875	39.32212
885	39.32087
895	39.31824
905	39.30603
915	39.34653
925	39.65404
935	39.80117
945	39.86344
955	39.88693
965	39.90813
975	39.60593
985	39.79883
995	39.76628
1005	39.81979
1015	39.83707
1025	39.76931
1035	39.81768
1045	39.8731
1055	39.85262
1065	39.80087
1075	39.81112
1085	39.78452
1095	39.80886
1105	39.79057
1115	39.78243
1125	39.72963
1135	39.76981
1145	39.75477
1155	39.73925
1165	39.72234
1175	39.57001
1185	39.68779
1195	39.67165
1205	39.64948
1215	39.59047
1225	39.64462
1235	39.66793
1245	39.66259
1255	39.65356
1265	39.65908
1275	39.66885
1285	39.66673
1295	39.64125
1305	39.63723
1315	39.65592
1325	39.64029
1335	39.62809
1345	39.63
1355	39.61748
1365	39.60187
1375	39.58933
1385	39.57753
1395	39.44555
1405	39.40858
1415	39.55196
1425	39.52178
1435	39.54195
1442	39.53704
1447	39.53424
1455	39.51788
1465	39.50622
1475	39.50746
1485	39.50705
1495	39.49508
1505	39.48355
1512	39.46592
1517	39.46961
1525	39.45965
1535	39.40568
1545	39.31874
1555	39.32979
1565	39.3895
1575	39.40998
1585	39.41117
1595	39.40676
1605	39.38683
1615	39.37275
1625	39.37528
1635	39.38053
1645	39.37643
1655	39.37701
1665	39.37145
1672	39.3436
1677	39.39206
1685	39.37505
1695	39.36061
1705	39.35392
1715	39.33625
1725	39.32367
1735	39.33492
1745	39.32875
1755	39.32347
1765	39.31681
1775	39.30184
1785	39.30522
1795	39.29787
1805	39.29668
1815	39.27961
1825	39.27692
1835	39.27343
1845	39.25304
1855	39.25544
1865	39.2546
1875	39.24911
1885	39.22724
1895	39.21649
1905	39.2272
1915	39.21386
1925	39.19285
1935	39.2097
1945	39.21178
1955	39.17922
1967	39.19466
1976	39.19997
1984	39.18571
1995	39.1754
2005	39.1805
2015	39.17686
2025	39.17665
2035	39.15838
2045	39.15467
2055	39.08709
2065	39.1213
2074	39.15512
2078	39.13695
2085	39.13938
2095	39.12374
2105	39.12592
2115	39.12778
2125	39.12219
2135	39.11708
2145	39.10607
2155	39.10817
2165	39.09702
2175	39.09623
2185	39.08702
2195	39.0886
2205	39.08281
2215	39.0729
2225	39.06885
2235	39.06328
2245	39.0587
2255	39.0495
2265	39.04903
2275	39.04478
2285	39.03734
2295	39.01605
2305	39.02235
2315	39.01742
2325	38.99637
2335	39.00691
2345	39.00381
2355	38.99735
2365	38.99162
2375	38.98384
2385	38.97205
2395	38.97228
2405	38.96899
2415	38.96429
2425	38.9617
2435	38.9542
2445	38.9507
2455	38.94581
2465	38.94061
2475	38.93504
2485	38.92462
2495	38.83804
2505	38.90895
2513	38.8973
2518	38.90636
2525	38.90871
2535	38.90573
2545	38.89811
2555	38.89455
2565	38.89045
2575	38.88605
2585	38.88137
2595	38.87517
2605	38.87215
2615	38.86541
2625	38.8624
2635	38.85881
2645	38.85375
2655	38.84993
2665	38.84183
2675	38.83569
2685	38.83533
2695	38.82674
2705	38.82331
2715	38.81876
2725	38.8157
2735	38.8076
2745	38.80719
2755	38.80305
2765	38.79762
2775	38.79622
2785	38.79013
2795	38.77923
2805	38.77982
2815	38.7785
2825	38.7735
2835	38.76611
2845	38.76506
2855	38.75986
2865	38.75591
2875	38.75225
2885	38.74858
2895	38.74447
2910	38.73753
2930	38.73175
2950	38.72242
2970	38.71542
2990	38.70663
3010	38.69729
3030	38.69059
3050	38.68521
3070	38.67902
3090	38.66986
3110	38.66554
3130	38.65734
3150	38.65175
3170	38.64445
3190	38.63773
3210	38.63017
3230	38.6254
3250	38.6202
3270	38.61201
3290	38.60691
3310	38.60085
3330	38.59447
3350	38.58591
3370	38.57909
3390	38.57296
3410	38.56533
3430	38.5574
3450	38.55135
3470	38.5477
3490	38.54247
3510	38.53774
3530	38.53304
3550	38.52784
3570	38.52333
3590	38.51714
3610	38.51222
3630	38.50788
3640	38.50468
3650	38.37059
3670	38.36309
3690	38.34835
3710	38.33685
3730	38.32873
3750	38.33727
3770	38.33081
3790	38.33578
3810	38.34284
3830	38.31255
3850	38.33743
3870	38.33024
3890	38.28949
3910	38.32343
3930	38.31231
3950	38.30621
3970	38.25909
3990	38.29444
4010	38.28902
4030	38.27789
4050	38.27655
4070	38.26381
4090	38.24648
4110	38.21895
4130	38.24416
4150	38.23992
4170	38.2362
4190	38.2299
4210	38.22331
4230	38.21779
4250	38.20934
4270	38.20037
4290	38.19534
4310	38.18585
4330	38.16742
4350	38.14401
4370	38.16787
4390	38.16169
4410	38.15699
4430	38.15253
4450	38.14607
4470	38.13473
4490	38.13409
4510	38.12711
4530	38.12189
4550	38.1141
4570	38.11047
4590	38.10322
4610	38.09703
4630	38.08994
4650	38.07625
4670	38.07821
4690	38.06939
4710	38.06403
4730	38.0632
4750	38.05692
4770	38.05272
4790	38.04654
4810	38.03996
4830	38.0331
4850	38.01809
4870	37.98972
4890	38.01546
4910	38.01054
4930	38.00129
4950	37.99864
4970	37.99463
4990	37.98863
5010	37.97784
5030	37.97657
5050	37.96969
5070	37.96597
5090	37.96012
5110	37.95431
5130	37.94802
5150	37.94243
5170	37.93713
5190	37.93177
5210	37.9262
5230	37.92076
5250	37.91486
5270	37.90881
5290	37.90427
5310	37.89853
5330	37.89305
5350	37.88758
5370	37.88216
5390	37.87646
5410	37.86878
5430	37.8656
5450	37.86009
5470	37.85451
5490	37.8491
5510	37.84359
5530	37.83826
5550	37.83326
5570	37.82776
5590	37.82205
5610	37.81741
5630	37.81223
5650	37.80661
5670	37.8007
5690	37.79274
5710	37.79051
5730	37.78664
5750	37.7813
5770	37.77747
5790	37.77268
5810	37.7673
5830	37.76276
5850	37.75882
5870	37.7485
5890	37.74863
5910	37.74489
5930	37.74033
5950	37.73591
5970	37.73243
5990	37.72772
6010	37.72369
6030	37.71917
6050	37.71531
6070	37.71111
6090	37.7072
6110	37.70283
6130	37.69876
6150	37.69413
6170	37.68999
6190	37.68658
6210	37.68264
6230	37.67817
6250	37.67416
6270	37.67042
6290	37.66651
6310	37.6619
6330	37.65852
6350	37.65409
6370	37.65042
6390	37.64663
6410	37.64227
6430	37.63885
6450	37.63475
6470	37.63049
6490	37.6265
6510	37.62289
6530	37.61823
6550	37.61002
6570	37.58289
6590	37.60584
6610	37.60405
6630	37.60082
6650	37.59706
6670	37.59146
6690	37.58762
6710	37.58599
6730	37.58204
6750	37.57881
6770	37.57554
6790	37.57129
6810	37.56829
6830	37.56475
6850	37.56126
6870	37.55773
6890	37.55339
6910	37.55035
6930	37.54733
6950	37.54392
6970	37.5405
6990	37.53704
7010	37.53365
7030	37.52988
7050	37.52662
7070	37.52032
7090	37.52005
7110	37.51601
7130	37.51283
7150	37.50998
7170	37.50608
7190	37.50325
7210	37.50002
7230	37.49509
7250	37.49315
7270	37.49015
7290	37.48531
7310	37.48352
7330	37.48036
7350	37.47717
7370	37.47396
7390	37.47076
7410	37.46749
7430	37.46432
7450	37.46113
7470	37.45763
7490	37.45448
7510	37.45168
7530	37.44858
7550	37.44561
7570	37.4425
7590	37.43863
7610	37.43608
7630	37.43325
7650	37.43021
7670	37.42725
7690	37.42397
7710	37.42108
7730	37.41791
7750	37.41515
7770	37.41185
7790	37.40931
7810	37.40627
7830	37.40337
7850	37.40029
7870	37.39721
7890	37.3941
7910	37.39152
7930	37.38851
7950	37.38569
7970	37.38274
7990	37.37994
8010	37.37703
8030	37.3742
8050	37.37151
8070	37.36874
8090	37.36564
8110	37.36231
8130	37.36029
8150	37.35717
8170	37.35462
8190	37.35114
8210	37.23087
8230	37.22728
8250	37.22563
8270	37.2216
8290	37.21975
8310	37.21693
8330	37.21372
8350	37.21026
8370	37.20813
8390	37.20593
8410	37.20253
8430	37.20014
8450	37.19646
8470	37.19269
8490	37.19245
8510	37.18538
8530	37.18809
8550	37.17698
8570	37.1854
8590	37.17356
8610	37.1708
8630	37.17891
8650	37.17141
8670	37.15419
8690	37.16961
8710	37.16936
8730	37.16238
8750	37.14067
8770	37.15427
8790	37.15858
8810	37.15622
8830	37.15254
8850	37.14045
8870	37.12325
8890	37.14288
8910	37.14269
8930	37.14004
8950	37.13791
8970	37.13501
8990	37.1279
9010	37.10524
9030	37.11458
9050	37.12314
9070	37.12011
9090	37.11868
9110	37.11676
9130	37.11449
9150	37.11189
9170	37.1086
9190	37.10555
9210	37.09681
9230	37.07146
9250	37.09174
9270	37.09442
9290	37.09339
9310	37.09045
9330	37.08826
9350	37.08471
9370	37.08327
9390	37.08105
9410	37.07801
9430	37.07592
9450	37.0734
9470	37.07001
9490	37.06804
9510	37.06314
9530	37.05492
9550	37.03191
9570	37.05361
9590	37.05517
9610	37.05286
9630	37.04996
9650	37.04889
9670	37.04644
9690	37.04393
9710	37.03915
9730	37.03893
9750	37.03682
9770	37.03421
9790	37.0321
9810	37.02959
9830	37.02729
9850	37.02487
9870	37.0224
9890	37.01982
9910	37.01702
9930	37.01547
9950	37.0131
9970	37.01057
9990	37.00817
10025	36.9972
10075	36.98838
10125	36.99084
10175	36.98722
10225	36.98149
10275	36.97589
10325	36.96964
10375	36.96476
10425	36.9591
10475	36.95369
10525	36.94819
10575	36.94283
10625	36.9374
10675	36.93166
10725	36.92664
10775	36.92131
10825	36.91409
10875	36.9103
10925	36.89215
10975	36.89706
11025	36.89428
11075	36.88998
11125	36.8848
11175	36.8797
11225	36.87451
11275	36.86928
11325	36.86443
11375	36.85985
11425	36.85506
11475	36.85042
11525	36.84578
11575	36.84099
11625	36.83581
11675	36.83132
11725	36.82716
11775	36.82238
11825	36.81788
11875	36.8133
11925	36.8089
11975	36.80318
12025	36.79986
12075	36.79529
12125	36.79081
12175	36.78645
12225	36.78199
12275	36.77755
12325	36.77314
12375	36.76875
12425	36.76441
12475	36.75987
12525	36.75537
12575	36.75121
12625	36.74693
12675	36.74263
12725	36.73824
12775	36.73167
12825	36.71884
12875	36.7247
12925	36.72115
12975	36.7163
13025	36.71264
13075	36.70848
13125	36.70423
13175	36.69995
13225	36.6958
13275	36.69156
13325	36.68731
13375	36.68311
13425	36.6788
13475	36.67471
13525	36.67044
13575	36.66629
13625	36.66206
13675	36.65792
13725	36.6536
13775	36.64955
13825	36.64539
13875	36.64124
13925	36.63699
13975	36.6329
14025	36.62869
14075	36.62461
14125	36.6204
14175	36.61625
14225	36.61208
14275	36.60789
14325	36.60376
14375	36.59959
14425	36.59528
14475	36.59121
14525	36.58696
14570	36.58324
14620	36.48227
14675	36.47868
14725	36.47537
14775	36.47183
14825	36.46889
14875	36.46563
14925	36.46247
14975	36.45916
15025	36.45585
15075	36.45237
15125	36.4494
15175	36.44615
15225	36.44307
15275	36.43966
15325	36.43647
15375	36.43381
15425	36.42992
15475	36.42776
15525	36.42471
15575	36.42017
15625	36.41966
15675	36.41506
15725	36.41098
15775	36.4109
15825	36.40775
15875	36.40044
15925	36.40105
15975	36.39962
16050	36.39428
16150	36.38627
16250	36.38378
16350	36.3768
16450	36.36881
16550	36.36678
16650	36.3612
16750	36.35426
16850	36.34632
16950	36.34473
17050	36.33882
17150	36.33398
17250	36.32845
17350	36.3184
17450	36.31745
17550	36.31269
17650	36.30746
17750	36.30224
17850	36.29699
17950	36.29187
18050	36.28657
18150	36.27711
18250	36.27554
18350	36.27129
18450	36.2662
18550	36.26101
18650	36.25503
18750	36.24644
18850	36.24577
18950	36.24083
19050	36.23561
19150	36.23088
19250	36.22585
19350	36.2206
19450	36.21136
19550	36.21075
19650	36.20624
19750	36.2014
19850	36.19659
19950	36.19175
20050	36.18693
20150	36.18209
20250	36.17725
20350	36.1724
20450	36.16756
20550	36.16256
20650	36.15789
20750	36.15303
20850	36.14817
20950	36.14329
21050	36.13844
21150	36.13326
21250	36.12868
21350	36.12378
21450	36.11884
21550	36.11378
21650	36.10505
21750	36.10373
21850	36.09904
21950	36.09414
22050	36.08913
22150	36.08411
22250	36.07907
22350	36.07402
22450	36.06893
22550	36.06382
22650	36.0587
22750	36.05355
22850	35.98188
22950	35.97897
23050	35.97573
23150	35.97254
23250	35.96933
23350	35.96609
23450	35.96287
23550	35.95968
23650	35.95651
23750	35.95335
23850	35.9502
23950	35.94709
24050	35.94399
24150	35.94086
24250	35.93784
24350	35.93476
24450	35.93166
24550	35.92879
24650	35.92565
24750	35.92258
24850	35.91994
24950	35.91636
25050	35.91421
25150	35.91108
25250	35.90726
25350	35.90505
25450	35.9023
25550	35.89911
25650	35.89521
25750	35.89333
25850	35.89054
25950	35.8876
26050	35.88425
26150	35.88015
26250	35.87555
26350	35.87562
26450	35.87301
26550	35.87005
26650	35.86695
26750	35.8626
26850	35.86114
26950	35.85851
27050	35.85561
27150	35.85272
27250	35.84982
27350	35.8469
27450	35.8439
27550	35.83941
27650	35.83755
27750	35.83526
27850	35.83238
27950	35.82948
28050	35.82658
28150	35.82367
28250	35.82075
28350	35.81783
28450	35.8149
28550	35.81193
28650	35.80861
28750	35.80415
28850	35.80304
28950	35.80024
29050	35.79731
29150	35.79436
29250	35.79141
29350	35.78846
29450	35.78549
29550	35.78251
29650	35.77954
29750	35.77655
29850	35.77356
29950	35.77056
30050	35.76755
30150	35.76451
30250	35.76143
30350	35.75689
30450	35.7546
30550	35.75237
30650	35.74937
30750	35.7463
30850	35.74325
30950	35.74018
31050	35.7371
31150	35.734
31250	35.7309
31350	35.72779
31450	35.72466
31550	35.72152
31650	35.71837
31750	35.71521
31850	35.71204
31950	35.70885
32100	35.70404
32300	35.69759
32500	35.69107
32700	35.68448
32900	35.63435
33100	35.63169
33300	35.62814
33500	35.62438
33700	35.6206
33900	35.61682
34100	35.61304
34300	35.60928
34500	35.60551
34700	35.60172
34900	35.59795
35100	35.59419
35300	35.59043
35500	35.58665
35700	35.58287
35900	35.57915
36100	35.57532
36300	35.5716
36500	35.56773
36700	35.56404
36900	35.56008
37100	35.55637
37300	35.55215
37500	35.54797
37700	35.54494
37900	35.54113
38100	35.53709
38300	35.53326
38500	35.52951
38700	35.52562
38900	35.52166
39100	35.51746
39300	35.51383
39500	35.50988
39700	35.5059
39900	35.5019
40100	35.49769
40300	35.49352
40500	35.48901
40700	35.48569
40900	35.48162
41100	35.4775
41300	35.47334
41500	35.46916
41700	35.46453
41900	35.46074
42100	35.45653
42300	35.45226
42500	35.44794
42700	35.44363
42900	35.43923
43100	35.43488
43300	35.43045
43500	35.42599
43700	35.42105
43900	35.41686
44100	35.41243
44300	35.40785
44500	35.40322
44700	35.37071
44900	35.37008
45100	35.36945
45300	35.36884
45500	35.36824
45700	35.36765
45900	35.36706
46100	35.36648
46300	35.36591
46500	35.36466
46700	35.36425
46900	35.36421
47100	35.36377
47300	35.36326
47500	35.36275
47700	35.36226
47900	35.36176
48100	35.36127
48300	35.3608
48500	35.36033
48700	35.35987
48900	35.35942
49100	35.35897
49300	35.35853
49500	35.35809
49700	35.35767
49900	35.35725
50100	35.35683
50300	35.35642
50500	35.35602
50700	35.35563
50900	35.35523
51100	35.35481
51300	35.35402
51500	35.35407
51700	35.35373
51900	35.35337
52100	35.35301
52300	35.35266
52500	35.35231
52700	35.35197
52900	35.35163
53100	35.35129
53300	35.35096
53500	35.35064
53700	35.35032
53900	35.35
54100	35.34969
54300	35.34937
54500	35.34907
54700	35.34877
54900	35.34847
55100	35.34818
55300	35.34789
55500	35.3476
55700	35.34731
55900	35.34703
56100	35.34676
56300	35.34648
56500	35.34621
56700	35.34594
56900	35.34568
57100	35.34541
57300	35.34515
57500	35.3449
57700	35.34465
57900	35.34439
58100	35.34415
58300	35.3439
58500	35.34367
58700	35.34343
58900	35.34316
59100	35.34266
59300	35.34271
59500	35.34249
59700	35.34227
59900	35.34204
60100	35.34182
60300	35.3416
60500	35.34138
60700	35.34116
60900	35.34095
61100	35.34074
61300	35.34053
61500	35.34032
61700	35.34011
61900	35.33991
62100	35.3397
62300	35.3395
62500	35.3393
62700	35.3391
62900	35.33891
63100	35.33871
63300	35.33852
63500	35.33833
63700	35.33814
63900	35.33795
64200	35.33767
64600	35.33731
65000	35.33694
65400	35.33659
65800	35.33624
66200	35.3359
66600	35.33556
67000	35.33522
67400	35.33489
67800	35.33457
68200	35.33425
68600	35.33393
69000	35.33361
69400	35.33331
69800	35.333
70200	35.3327
70600	35.3324
71000	35.3321
71400	35.33181
71800	35.33152
72200	35.33124
72600	35.33096
73000	35.33067
73400	35.33039
73800	35.33012
74200	35.32985
74600	35.32952
75000	35.32924
75400	35.32905
75800	35.32879
76200	35.32853
76600	35.32827
77000	35.32802
77400	35.32777
77800	35.32751
78200	35.32727
78600	35.32702
79000	35.32677
79400	35.32653
79800	35.32629
80200	35.32605
80600	35.32581
81000	35.32557
81400	35.32533
81800	35.3251
82200	35.32487
82600	35.32463
83000	35.32441
83400	35.32418
83800	35.32395
84200	35.32372
84600	35.3235
85000	35.32327
85400	35.32305
85800	35.32283
86200	35.32261
86600	35.32238
87000	35.32217
87400	35.32195
87800	35.32173
88200	35.32151
88600	35.3213
89000	35.32108
89400	35.32087
89800	35.32066
90200	35.32045
90600	35.32023
91000	35.32002
91400	35.31796
91800	35.31783
92200	35.3177
92600	35.31758
93000	35.31746
93400	35.31733
93800	35.31721
94200	35.31709
94600	35.31697
95000	35.31685
95400	35.31673
95800	35.31661
96200	35.31649
96600	35.31637
97000	35.31625
97400	35.31614
97800	35.31602
98200	35.3159
98600	35.31579
99000	35.31567
99400	35.31556
99800	35.31544
100200	35.31533
200000	35.29058
400000	35.23934
600000	35.18134
800000	35.1144
1000000	35.03521
1200000	34.9383
1400000	34.81336
1600000	34.63727