2048 1
4247.95	0.00609256800
4250.39	0.00663634100
4252.84	0.00638732400
4255.29	0.00498947600
4257.73	0.00594441800
4260.18	0.00551975300
4262.62	0.00623504700
4265.07	0.00594817800
4267.51	0.00600413200
4269.96	0.00603607300
4272.41	0.00550778900
4274.85	0.00440423400
4277.3	0.00539521800
4279.74	0.00470555000
4282.19	0.00453663600
4284.63	0.00462937800
4287.08	0.00572601800
4289.53	0.00500654300
4291.97	0.00421134700
4294.42	0.00444633300
4296.86	0.00512153900
4299.31	0.00499023500
4301.75	0.00368152100
4304.2	0.00511052500
4306.65	0.00535005100
4309.09	0.00415414200
4311.54	0.00499861900
4313.98	0.00396843100
4316.43	0.00366872400
4318.87	0.00381310600
4321.32	0.00374903600
4323.77	0.00473320500
4326.21	0.00417608600
4328.66	0.00365168200
4331.1	0.00306136500
4333.55	0.00457447400
4335.99	0.00415002300
4338.44	0.00445900400
4340.89	0.00365406300
4343.33	0.00328324000
4345.78	0.00416915600
4348.22	0.00501885700
4350.67	0.00485771100
4353.12	0.00508030600
4355.56	0.00383644400
4358.01	0.00416482100
4360.45	0.00359571100
4362.9	0.00399379200
4365.34	0.00323139100
4367.79	0.00350576400
4370.24	0.00461945900
4372.68	0.00496688300
4375.13	0.00412362700
4377.57	0.00396359600
4380.02	0.00508794900
4382.46	0.00381253500
4384.91	0.00318147300
4387.36	0.00409329400
4389.8	0.00303750000
4392.25	0.00531940800
4394.69	0.00577653600
4397.14	0.00426493800
4399.58	0.00418160100
4402.03	0.00508328800
4404.48	0.00502214000
4406.92	0.00496841900
4409.37	0.00431219000
4411.81	0.00400578600
4414.26	0.00491508900
4416.7	0.00441410100
4419.15	0.00317330100
4421.6	0.00444518600
4424.04	0.00490927300
4426.49	0.00419807200
4428.93	0.00497254300
4431.38	0.00404291200
4433.82	0.00392485300
4436.27	0.00374124700
4438.72	0.00355040100
4441.16	0.00418683600
4443.61	0.00397546900
4446.05	0.00389532600
4448.5	0.00356077800
4450.94	0.00457866700
4453.39	0.00450924200
4455.84	0.00422408800
4458.28	0.00378666800
4460.73	0.00406116800
4463.17	0.00352471600
4465.62	0.00367286100
4468.06	0.00350132400
4470.51	0.00312631600
4472.96	0.00416103500
4475.4	0.00471993100
4477.85	0.00468533600
4480.29	0.00343336000
4482.74	0.00380644100
4485.18	0.00418270000
4487.63	0.00421995300
4490.08	0.00499698200
4492.52	0.00421466400
4494.97	0.00310483800
4497.41	0.00358336300
4499.86	0.00416652600
4502.3	0.00430316700
4504.75	0.00350330000
4507.2	0.00365822900
4509.64	0.00383776000
4512.09	0.00416071100
4514.53	0.00427099000
4516.98	0.00385703400
4519.42	0.00415034100
4521.87	0.00437803500
4524.32	0.00378357500
4526.76	0.00321273600
4529.21	0.00297178700
4531.65	0.00421186000
4534.1	0.00377661600
4536.54	0.00419095600
4538.99	0.00396479400
4541.44	0.00361859200
4543.88	0.00323156200
4546.33	0.00371683900
4548.77	0.00439536200
4551.22	0.00405662400
4553.66	0.00361241100
4556.11	0.00374310000
4558.56	0.00432064400
4561	0.00448282600
4563.45	0.00394249100
4565.89	0.00338879700
4568.34	0.00323727300
4570.78	0.00457467800
4573.23	0.00491153900
4575.68	0.00403375200
4578.12	0.00385874300
4580.57	0.00394497100
4583.01	0.00439956100
4585.46	0.00382516000
4587.9	0.00385305500
4590.35	0.00455027300
4592.8	0.00439261900
4595.24	0.00401635200
4597.69	0.00389639800
4600.13	0.00389739800
4602.58	0.00421822600
4605.02	0.00399312300
4607.47	0.00440350300
4609.92	0.00398275300
4612.36	0.00440256500
4614.81	0.00424990100
4617.25	0.00356148600
4619.7	0.00451457400
4622.14	0.00466115900
4624.59	0.00473889700
4627.04	0.00431681800
4629.48	0.00417766900
4631.93	0.00374452200
4634.37	0.00370256900
4636.82	0.00430572400
4639.26	0.00400757800
4641.71	0.00380865900
4644.16	0.00401202900
4646.6	0.00363798800
4649.05	0.00351558100
4651.49	0.00422238600
4653.94	0.00447260000
4656.38	0.00410750900
4658.83	0.00380022100
4661.28	0.00440410200
4663.72	0.00458547000
4666.17	0.00373675100
4668.61	0.00369291200
4671.06	0.00408633600
4673.5	0.00446025100
4675.95	0.00427921800
4678.4	0.00398146500
4680.84	0.00427090700
4683.29	0.00495825100
4685.73	0.00486291100
4688.18	0.00465826000
4690.62	0.00474194400
4693.07	0.00431761400
4695.52	0.00412484100
4697.96	0.00453853700
4700.41	0.00489101500
4702.85	0.00494671800
4705.3	0.00465511800
4707.74	0.00507812100
4710.19	0.00475731000
4712.64	0.00478896400
4715.08	0.00463406400
4717.53	0.00485198000
4719.97	0.00484924300
4722.42	0.00536418500
4724.86	0.00533549300
4727.31	0.00492976400
4729.76	0.00530970400
4732.2	0.00551742500
4734.65	0.00511318100
4737.09	0.00559153700
4739.54	0.00557971400
4741.98	0.00558586200
4744.43	0.00606329700
4746.88	0.00580641100
4749.32	0.00587801500
4751.77	0.00651578600
4754.21	0.00710497500
4756.66	0.00709983800
4759.1	0.00740655900
4761.55	0.00763430200
4764	0.00791841200
4766.44	0.00802484300
4768.89	0.00827742600
4771.33	0.00858799500
4773.78	0.00986294400
4776.22	0.01026746000
4778.67	0.01119519000
4781.12	0.01123618000
4783.56	0.01192586000
4786.01	0.01322232000
4788.45	0.01437381000
4790.9	0.01512639000
4793.34	0.01608871000
4795.79	0.01731917000
4798.24	0.01849153000
4800.68	0.02035087000
4803.13	0.02161151000
4805.57	0.02358952000
4808.02	0.02580945000
4810.46	0.02763386000
4812.91	0.02936180000
4815.36	0.03171301000
4817.8	0.03455501000
4820.25	0.03717792000
4822.69	0.03997364000
4825.14	0.04342728000
4827.58	0.04709173000
4830.03	0.05050112000
4832.48	0.05432576000
4834.92	0.05806424000
4837.37	0.06253237000
4839.81	0.06719377000
4842.26	0.07178462000
4844.7	0.07672837000
4847.15	0.08175280000
4849.6	0.08777659000
4852.04	0.09331471000
4854.49	0.09911831000
4856.93	0.10578960000
4859.38	0.11227730000
4861.82	0.11883970000
4864.27	0.12543760000
4866.72	0.13265940000
4869.16	0.14037540000
4871.61	0.14787120000
4874.05	0.15546130000
4876.5	0.16362210000
4878.94	0.17176550000
4881.39	0.18014640000
4883.84	0.18828650000
4886.28	0.19667100000
4888.73	0.20518420000
4891.17	0.21450860000
4893.62	0.22391950000
4896.06	0.23264870000
4898.51	0.24145700000
4900.96	0.25146560000
4903.4	0.26069090000
4905.85	0.27044480000
4908.29	0.27960600000
4910.74	0.28875000000
4913.18	0.29870780000
4915.63	0.30818890000
4918.08	0.31740150000
4920.52	0.32633990000
4922.97	0.33580450000
4925.41	0.34506980000
4927.86	0.35432660000
4930.3	0.36424310000
4932.75	0.37348060000
4935.2	0.38262720000
4937.64	0.39107810000
4940.09	0.40003480000
4942.53	0.40924640000
4944.98	0.41808610000
4947.42	0.42590330000
4949.87	0.43515240000
4952.32	0.44346560000
4954.76	0.45124600000
4957.21	0.45984560000
4959.65	0.46806530000
4962.1	0.47551980000
4964.54	0.48311140000
4966.99	0.49149030000
4969.44	0.49909920000
4971.88	0.50669990000
4974.33	0.51385720000
4976.77	0.52061480000
4979.22	0.52731910000
4981.66	0.53457910000
4984.11	0.54140530000
4986.56	0.54808810000
4989	0.55457430000
4991.45	0.56075230000
4993.89	0.56675470000
4996.34	0.57289730000
4998.78	0.57873190000
5001.23	0.58432030000
5003.68	0.59047720000
5006.12	0.59618220000
5008.57	0.60129920000
5011.01	0.60697640000
5013.46	0.61235830000
5015.9	0.61731050000
5018.35	0.62219320000
5020.8	0.62739260000
5023.24	0.63147930000
5025.69	0.63631040000
5028.13	0.64159180000
5030.58	0.64543210000
5033.02	0.64971080000
5035.47	0.65349660000
5037.92	0.65788860000
5040.36	0.66164430000
5042.81	0.66587840000
5045.25	0.66959770000
5047.7	0.67353740000
5050.14	0.67709260000
5052.59	0.68032180000
5055.04	0.68406400000
5057.48	0.68736590000
5059.93	0.69042210000
5062.37	0.69439160000
5064.82	0.69718620000
5067.27	0.70014520000
5069.71	0.70300680000
5072.16	0.70560610000
5074.6	0.70844830000
5077.05	0.71197870000
5079.49	0.71450300000
5081.94	0.71662950000
5084.39	0.71922120000
5086.83	0.72176080000
5089.28	0.72380690000
5091.72	0.72624660000
5094.17	0.72856490000
5096.61	0.73114980000
5099.06	0.73363140000
5101.51	0.73540200000
5103.95	0.73721700000
5106.4	0.73964150000
5108.84	0.74151090000
5111.29	0.74325900000
5113.73	0.74500500000
5116.18	0.74666900000
5118.63	0.74850490000
5121.07	0.75028460000
5123.52	0.75218620000
5125.96	0.75354170000
5128.41	0.75530670000
5130.85	0.75674550000
5133.3	0.75857180000
5135.75	0.75981610000
5138.19	0.76149150000
5140.64	0.76271280000
5143.08	0.76418130000
5145.53	0.76548330000
5147.97	0.76676800000
5150.42	0.76846810000
5152.87	0.76951720000
5155.31	0.77000360000
5157.76	0.77129290000
5160.2	0.77274760000
5162.65	0.77394000000
5165.09	0.77491560000
5167.54	0.77584340000
5169.99	0.77691390000
5172.43	0.77804910000
5174.88	0.77849150000
5177.32	0.77871790000
5179.77	0.78080250000
5182.21	0.78160760000
5184.66	0.78230680000
5187.11	0.78315290000
5189.55	0.78408770000
5192	0.78457630000
5194.44	0.78500740000
5196.89	0.78535650000
5199.33	0.78618780000
5201.78	0.78733690000
5204.23	0.78792950000
5206.67	0.78848220000
5209.12	0.78926710000
5211.56	0.78940220000
5214.01	0.78973560000
5216.45	0.79042870000
5218.9	0.79044760000
5221.35	0.79079840000
5223.79	0.79214110000
5226.24	0.79231250000
5228.68	0.79168220000
5231.13	0.79243960000
5233.57	0.79349730000
5236.02	0.79367390000
5238.47	0.79443310000
5240.91	0.79416870000
5243.36	0.79462120000
5245.8	0.79457140000
5248.25	0.79441330000
5250.69	0.79491250000
5253.14	0.79507880000
5255.59	0.79489990000
5258.03	0.79560060000
5260.48	0.79589100000
5262.92	0.79568340000
5265.37	0.79610940000
5267.81	0.79611930000
5270.26	0.79587730000
5272.71	0.79588790000
5275.15	0.79665230000
5277.6	0.79686930000
5280.04	0.79598330000
5282.49	0.79615700000
5284.93	0.79623560000
5287.38	0.79566450000
5289.83	0.79621120000
5292.27	0.79590430000
5294.72	0.79598740000
5297.16	0.79614370000
5299.61	0.79548160000
5302.05	0.79587090000
5304.5	0.79569430000
5306.95	0.79558530000
5309.39	0.79564020000
5311.84	0.79515400000
5314.28	0.79479130000
5316.73	0.79458420000
5319.17	0.79424970000
5321.62	0.79409730000
5324.07	0.79383340000
5326.51	0.79365620000
5328.96	0.79304500000
5331.4	0.79275630000
5333.85	0.79226500000
5336.29	0.79215120000
5338.74	0.79161940000
5341.19	0.79131540000
5343.63	0.79086140000
5346.08	0.79085020000
5348.52	0.79009560000
5350.97	0.78910140000
5353.41	0.78944800000
5355.86	0.78885050000
5358.31	0.78879050000
5360.75	0.78752960000
5363.2	0.78724430000
5365.64	0.78711630000
5368.09	0.78651390000
5370.53	0.78575750000
5372.98	0.78509660000
5375.43	0.78446450000
5377.87	0.78372810000
5380.32	0.78349390000
5382.76	0.78270760000
5385.21	0.78207050000
5387.65	0.78173840000
5390.1	0.78094240000
5392.55	0.78036360000
5394.99	0.77984130000
5397.44	0.77924750000
5399.88	0.77791150000
5402.33	0.77672190000
5404.77	0.77717420000
5407.22	0.77641130000
5409.67	0.77499390000
5412.11	0.77406470000
5414.56	0.77306260000
5417	0.77299950000
5419.45	0.77222740000
5421.89	0.77119490000
5424.34	0.77001950000
5426.79	0.76943460000
5429.23	0.76894460000
5431.68	0.76796920000
5434.12	0.76701220000
5436.57	0.76589830000
5439.01	0.76439460000
5441.46	0.76363970000
5443.91	0.76265340000
5446.35	0.76208230000
5448.8	0.76059200000
5451.24	0.76027180000
5453.69	0.75884870000
5456.13	0.75768470000
5458.58	0.75720540000
5461.03	0.75567740000
5463.47	0.75421330000
5465.92	0.75307990000
5468.36	0.75272260000
5470.81	0.75160550000
5473.25	0.75009660000
5475.7	0.74932310000
5478.15	0.74785740000
5480.59	0.74657550000
5483.04	0.74541400000
5485.48	0.74455360000
5487.93	0.74309060000
5490.37	0.74186650000
5492.82	0.74094430000
5495.27	0.74000540000
5497.71	0.73832580000
5500.16	0.73683050000
5502.6	0.73568060000
5505.05	0.73459990000
5507.49	0.73299080000
5509.94	0.73168690000
5512.39	0.73045280000
5514.83	0.72897110000
5517.28	0.72760060000
5519.72	0.72579890000
5522.17	0.72536550000
5524.61	0.72387700000
5527.06	0.72194740000
5529.51	0.72064140000
5531.95	0.71931580000
5534.4	0.71733600000
5536.84	0.71608070000
5539.29	0.71454420000
5541.73	0.71320660000
5544.18	0.71179560000
5546.63	0.71043400000
5549.07	0.70905480000
5551.52	0.70729120000
5553.96	0.70550020000
5556.41	0.70408930000
5558.85	0.70240220000
5561.3	0.70067290000
5563.75	0.69942920000
5566.19	0.69726320000
5568.64	0.69556300000
5571.08	0.69428880000
5573.53	0.69263550000
5575.97	0.69028170000
5578.42	0.68908240000
5580.87	0.68789300000
5583.31	0.68566970000
5585.76	0.68380910000
5588.2	0.68191920000
5590.65	0.68023250000
5593.09	0.67876360000
5595.54	0.67704960000
5597.99	0.67490790000
5600.43	0.67320880000
5602.88	0.67130820000
5605.32	0.66901010000
5607.77	0.66764710000
5610.21	0.66557940000
5612.66	0.66367000000
5615.11	0.66177710000
5617.55	0.65990170000
5620	0.65764500000
5622.44	0.65565040000
5624.89	0.65386250000
5627.33	0.65237250000
5629.78	0.65017270000
5632.23	0.64806620000
5634.67	0.64607890000
5637.12	0.64384030000
5639.56	0.64175320000
5642.01	0.64018160000
5644.45	0.63820480000
5646.9	0.63601640000
5649.35	0.63381960000
5651.79	0.63167320000
5654.24	0.62976370000
5656.68	0.62810540000
5659.13	0.62579410000
5661.57	0.62306710000
5664.02	0.62095170000
5666.47	0.61934920000
5668.91	0.61729370000
5671.36	0.61482520000
5673.8	0.61255690000
5676.25	0.61022680000
5678.69	0.60862080000
5681.14	0.60653470000
5683.59	0.60402770000
5686.03	0.60205600000
5688.48	0.59956660000
5690.92	0.59719720000
5693.37	0.59500790000
5695.81	0.59265180000
5698.26	0.59068380000
5700.71	0.58817340000
5703.15	0.58594770000
5705.6	0.58382900000
5708.04	0.58147840000
5710.49	0.57900230000
5712.93	0.57667670000
5715.38	0.57435180000
5717.83	0.57173370000
5720.27	0.56961490000
5722.72	0.56757700000
5725.16	0.56522240000
5727.61	0.56244470000
5730.05	0.55991270000
5732.5	0.55830280000
5734.95	0.55585770000
5737.39	0.55296700000
5739.84	0.55056820000
5742.28	0.54841180000
5744.73	0.54599790000
5747.17	0.54346820000
5749.62	0.54086260000
5752.07	0.53843580000
5754.51	0.53636890000
5756.96	0.53394630000
5759.4	0.53137520000
5761.85	0.52885880000
5764.3	0.52626400000
5766.74	0.52408600000
5769.19	0.52150910000
5771.63	0.51908060000
5774.08	0.51664730000
5776.52	0.51387720000
5778.97	0.51151600000
5781.42	0.50905690000
5783.86	0.50634000000
5786.31	0.50405850000
5788.75	0.50181790000
5791.2	0.49941270000
5793.64	0.49679330000
5796.09	0.49402320000
5798.54	0.49140260000
5800.98	0.48875720000
5803.43	0.48652100000
5805.87	0.48422540000
5808.32	0.48194050000
5810.76	0.47907840000
5813.21	0.47645180000
5815.66	0.47409640000
5818.1	0.47127700000
5820.55	0.46850540000
5822.99	0.46628420000
5825.44	0.46374770000
5827.88	0.46121890000
5830.33	0.45846980000
5832.78	0.45600220000
5835.22	0.45327440000
5837.67	0.45090340000
5840.11	0.44834030000
5842.56	0.44585120000
5845	0.44341250000
5847.45	0.44090540000
5849.9	0.43834640000
5852.34	0.43571720000
5854.79	0.43247700000
5857.23	0.43041500000
5859.68	0.42786010000
5862.12	0.42519560000
5864.57	0.42271380000
5867.02	0.42000250000
5869.46	0.41747190000
5871.91	0.41514780000
5874.35	0.41280740000
5876.8	0.41003100000
5879.24	0.40715990000
5881.69	0.40460520000
5884.14	0.40234790000
5886.58	0.39966890000
5889.03	0.39718710000
5891.47	0.39455760000
5893.92	0.39224840000
5896.36	0.38944220000
5898.81	0.38676390000
5901.26	0.38428430000
5903.7	0.38175030000
5906.15	0.37924570000
5908.59	0.37686450000
5911.04	0.37424600000
5913.48	0.37164610000
5915.93	0.36924660000
5918.38	0.36672950000
5920.82	0.36410110000
5923.27	0.36163120000
5925.71	0.35889840000
5928.16	0.35647740000
5930.6	0.35418530000
5933.05	0.35160750000
5935.5	0.34909090000
5937.94	0.34634190000
5940.39	0.34420910000
5942.83	0.34178520000
5945.28	0.33920620000
5947.72	0.33663180000
5950.17	0.33425040000
5952.62	0.33173170000
5955.06	0.32926360000
5957.51	0.32682950000
5959.95	0.32449460000
5962.4	0.32211330000
5964.84	0.31952990000
5967.29	0.31716190000
5969.74	0.31470700000
5972.18	0.31241050000
5974.63	0.30997370000
5977.07	0.30770440000
5979.52	0.30545630000
5981.96	0.30304830000
5984.41	0.30060930000
5986.86	0.29800430000
5989.3	0.29566010000
5991.75	0.29331030000
5994.19	0.29088920000
5996.64	0.28876380000
5999.08	0.28631780000
6001.53	0.28382910000
6003.98	0.28165570000
6006.42	0.27946950000
6008.87	0.27699200000
6011.31	0.27465390000
6013.76	0.27238620000
6016.2	0.27013730000
6018.65	0.26789790000
6021.1	0.26598940000
6023.54	0.26358390000
6025.99	0.26130950000
6028.43	0.25901540000
6030.88	0.25667380000
6033.32	0.25451240000
6035.77	0.25251870000
6038.22	0.25027580000
6040.66	0.24785990000
6043.11	0.24563120000
6045.55	0.24339890000
6048	0.24143110000
6050.44	0.23914940000
6052.89	0.23708190000
6055.34	0.23517720000
6057.78	0.23309040000
6060.23	0.23093180000
6062.67	0.22879490000
6065.12	0.22668680000
6067.56	0.22478530000
6070.01	0.22246620000
6072.46	0.22048720000
6074.9	0.21844010000
6077.35	0.21633560000
6079.79	0.21440570000
6082.24	0.21228440000
6084.68	0.21045210000
6087.13	0.20841760000
6089.58	0.20667420000
6092.02	0.20439840000
6094.47	0.20229300000
6096.91	0.20058340000
6099.36	0.19860640000
6101.8	0.19672970000
6104.25	0.19470370000
6106.7	0.19285520000
6109.14	0.19096660000
6111.59	0.18906810000
6114.03	0.18735760000
6116.48	0.18540960000
6118.92	0.18362390000
6121.37	0.18174810000
6123.82	0.17971090000
6126.26	0.17786460000
6128.71	0.17609600000
6131.15	0.17437640000
6133.6	0.17269440000
6136.04	0.17088640000
6138.49	0.16920120000
6140.94	0.16739210000
6143.38	0.16569460000
6145.83	0.16394350000
6148.27	0.16223970000
6150.72	0.16059460000
6153.16	0.15889800000
6155.61	0.15715410000
6158.06	0.15548260000
6160.5	0.15374820000
6162.95	0.15223580000
6165.39	0.15050540000
6167.84	0.14887700000
6170.28	0.14735730000
6172.73	0.14572880000
6175.18	0.14423060000
6177.62	0.14257390000
6180.07	0.14106070000
6182.51	0.13949190000
6184.96	0.13790280000
6187.4	0.13646910000
6189.85	0.13492470000
6192.3	0.13333680000
6194.74	0.13195500000
6197.19	0.13046630000
6199.63	0.12896240000
6202.08	0.12746860000
6204.52	0.12606020000
6206.97	0.12462370000
6209.42	0.12332890000
6211.86	0.12184460000
6214.31	0.12043860000
6216.75	0.11923370000
6219.2	0.11774520000
6221.64	0.11626820000
6224.09	0.11485500000
6226.54	0.11326960000
6228.98	0.11232000000
6231.43	0.11107030000
6233.87	0.10978530000
6236.32	0.10847720000
6238.76	0.10718800000
6241.21	0.10587560000
6243.66	0.10459660000
6246.1	0.10336930000
6248.55	0.10205760000
6250.99	0.10080460000
6253.44	0.09971996000
6255.88	0.09861196000
6258.33	0.09732411000
6260.78	0.09615120000
6263.22	0.09481643000
6265.67	0.09367426000
6268.11	0.09254465000
6270.56	0.09137871000
6273	0.09024105000
6275.45	0.08928795000
6277.9	0.08799817000
6280.34	0.08697712000
6282.79	0.08583436000
6285.23	0.08471322000
6287.68	0.08383118000
6290.12	0.08276274000
6292.57	0.08150937000
6295.02	0.08052289000
6297.46	0.07948983000
6299.91	0.07847503000
6302.35	0.07752633000
6304.8	0.07660997000
6307.24	0.07562742000
6309.69	0.07464005000
6312.14	0.07364993000
6314.58	0.07277690000
6317.03	0.07179003000
6319.47	0.07078335000
6321.92	0.06996943000
6324.36	0.06899345000
6326.81	0.06796892000
6329.26	0.06714846000
6331.7	0.06617415000
6334.15	0.06530504000
6336.59	0.06445038000
6339.04	0.06363937000
6341.48	0.06277311000
6343.93	0.06184836000
6346.38	0.06095892000
6348.82	0.06015244000
6351.27	0.05936941000
6353.71	0.05853552000
6356.16	0.05782190000
6358.6	0.05700545000
6361.05	0.05619650000
6363.5	0.05561057000
6365.94	0.05472083000
6368.39	0.05398940000
6370.83	0.05321512000
6373.28	0.05238121000
6375.72	0.05170827000
6378.17	0.05094881000
6380.62	0.05028739000
6383.06	0.04957580000
6385.51	0.04873819000
6387.95	0.04817843000
6390.4	0.04746089000
6392.84	0.04680802000
6395.29	0.04620853000
6397.74	0.04547850000
6400.18	0.04485283000
6402.63	0.04421619000
6405.07	0.04352251000
6407.52	0.04291974000
6409.96	0.04230908000
6412.41	0.04165284000
6414.86	0.04099530000
6417.3	0.04040446000
6419.75	0.03988131000
6422.19	0.03928190000
6424.64	0.03872926000
6427.08	0.03819268000
6429.53	0.03768525000
6431.98	0.03705520000
6434.42	0.03657844000
6436.87	0.03601569000
6439.31	0.03546973000
6441.76	0.03489567000
6444.2	0.03428215000
6446.65	0.03382017000
6449.1	0.03329141000
6451.54	0.03284912000
6453.99	0.03244406000
6456.43	0.03192318000
6458.88	0.03135123000
6461.32	0.03087774000
6463.77	0.03046594000
6466.22	0.02997432000
6468.66	0.02954957000
6471.11	0.02905503000
6473.55	0.02862865000
6476	0.02819415000
6478.45	0.02776105000
6480.89	0.02728862000
6483.34	0.02681177000
6485.78	0.02641910000
6488.23	0.02604733000
6490.67	0.02569078000
6493.12	0.02526375000
6495.57	0.02485924000
6498.01	0.02442733000
6500.46	0.02398931000
6502.9	0.02359938000
6505.35	0.02333764000
6507.79	0.02299325000
6510.24	0.02258771000
6512.69	0.02223901000
6515.13	0.02192141000
6517.58	0.02154178000
6520.02	0.02116167000
6522.47	0.02080632000
6524.91	0.02051279000
6527.36	0.02014711000
6529.81	0.01980836000
6532.25	0.01945774000
6534.7	0.01919190000
6537.14	0.01888004000
6539.59	0.01857105000
6542.03	0.01834086000
6544.48	0.01798040000
6546.93	0.01774655000
6549.37	0.01750922000
6551.82	0.01717608000
6554.26	0.01694364000
6556.71	0.01655981000
6559.15	0.01623114000
6561.6	0.01602001000
6564.05	0.01564413000
6566.49	0.01547411000
6568.94	0.01527830000
6571.38	0.01501264000
6573.83	0.01474604000
6576.27	0.01449986000
6578.72	0.01419523000
6581.17	0.01390531000
6583.61	0.01370729000
6586.06	0.01355936000
6588.5	0.01329381000
6590.95	0.01309301000
6593.39	0.01287741000
6595.84	0.01265188000
6598.29	0.01246424000
6600.73	0.01229840000
6603.18	0.01205279000
6605.62	0.01182257000
6608.07	0.01164652000
6610.51	0.01140807000
6612.96	0.01121794000
6615.41	0.01103814000
6617.85	0.01089960000
6620.3	0.01076894000
6622.74	0.01049221000
6625.19	0.01027942000
6627.63	0.01012768000
6630.08	0.00990165500
6632.53	0.00974874100
6634.97	0.00960434600
6637.42	0.00944870400
6639.86	0.00928778300
6642.31	0.00909227600
6644.75	0.00893469700
6647.2	0.00883672100
6649.65	0.00865312600
6652.09	0.00853813800
6654.54	0.00845705000
6656.98	0.00821344900
6659.43	0.00806865100
6661.87	0.00793018900
6664.32	0.00776927300
6666.77	0.00765570400
6669.21	0.00750325800
6671.66	0.00735210900
6674.1	0.00725894700
6676.55	0.00716018400
6678.99	0.00702279900
6681.44	0.00690330500
6683.89	0.00678253000
6686.33	0.00657611100
6688.78	0.00648380300
6691.22	0.00639017300
6693.67	0.00628686600
6696.11	0.00619487100
6698.56	0.00609399700
6701.01	0.00597950600
6703.45	0.00580780200
6705.9	0.00576801000
6708.34	0.00572693900
6710.79	0.00548929300
6713.23	0.00534246600
6715.68	0.00528935800
6718.13	0.00527111100
6720.57	0.00507976300
6723.02	0.00493354100
6725.46	0.00489371700
6727.91	0.00480311600
6730.35	0.00465535900
6732.8	0.00459497400
6735.25	0.00454239500
6737.69	0.00445369900
6740.14	0.00436207500
6742.58	0.00429648700
6745.03	0.00419435700
6747.47	0.00412752600
6749.92	0.00403635200
6752.37	0.00397477400
6754.81	0.00384849100
6757.26	0.00380706100
6759.7	0.00376251300
6762.15	0.00366908000
6764.59	0.00363545000
6767.04	0.00358887500
6769.49	0.00349149400
6771.93	0.00345603100
6774.38	0.00345467400
6776.82	0.00332839700
6779.27	0.00326298500
6781.71	0.00316453400
6784.16	0.00309476300
6786.61	0.00300882500
6789.05	0.00298098400
6791.5	0.00296336600
6793.94	0.00294562200
6796.39	0.00283929500
6798.83	0.00274420500
6801.28	0.00270432900
6803.73	0.00266647000
6806.17	0.00262822400
6808.62	0.00259000900
6811.06	0.00257047600
6813.51	0.00248872400
6815.95	0.00245520200
6818.4	0.00239505400
6820.85	0.00243703100
6823.29	0.00233760200
6825.74	0.00228986100
6828.18	0.00227658500
6830.63	0.00225586800
6833.07	0.00215830500
6835.52	0.00211279800
6837.97	0.00213900000
6840.41	0.00208429200
6842.86	0.00203052000
6845.3	0.00197108100
6847.75	0.00196945600
6850.19	0.00191846500
6852.64	0.00186065100
6855.09	0.00186533600
6857.53	0.00176612900
6859.98	0.00178537700
6862.42	0.00174329500
6864.87	0.00165804600
6867.31	0.00167456700
6869.76	0.00166383700
6872.21	0.00166834200
6874.65	0.00159364600
6877.1	0.00155124300
6879.54	0.00156938800
6881.99	0.00151945600
6884.43	0.00147761900
6886.88	0.00144282600
6889.33	0.00143424800
6891.77	0.00143325500
6894.22	0.00135370900
6896.66	0.00132632700
6899.11	0.00131722000
6901.55	0.00132208500
6904	0.00128189700
6906.45	0.00132795100
6908.89	0.00128008600
6911.34	0.00115574400
6913.78	0.00114554700
6916.23	0.00115958800
6918.67	0.00113647800
6921.12	0.00109162300
6923.57	0.00117067900
6926.01	0.00114895800
6928.46	0.00107321500
6930.9	0.00105418900
6933.35	0.00105972200
6935.79	0.00103645200
6938.24	0.00098686410
6940.69	0.00095383560
6943.13	0.00091992440
6945.58	0.00093615560
6948.02	0.00089573560
6950.47	0.00089987020
6952.91	0.00091059440
6955.36	0.00090407710
6957.81	0.00086990780
6960.25	0.00091495750
6962.7	0.00092118570
6965.14	0.00084039330
6967.59	0.00086203130
6970.03	0.00081654900
6972.48	0.00080403980
6974.93	0.00079380330
6977.37	0.00074017990
6979.82	0.00080171760
6982.26	0.00079877690
6984.71	0.00075724810
6987.15	0.00074369760
6989.6	0.00071214610
6992.05	0.00072133550
6994.49	0.00072249870
6996.94	0.00066862610
6999.38	0.00063761340
7001.83	0.00067442600
7004.27	0.00069079080
7006.72	0.00062529760
7009.17	0.00060492450
7011.61	0.00072687470
7014.06	0.00064615100
7016.5	0.00058335460
7018.95	0.00059956110
7021.39	0.00059180740
7023.84	0.00060881740
7026.29	0.00056822530
7028.73	0.00058364410
7031.18	0.00054031940
7033.62	0.00052402020
7036.07	0.00056981560
7038.51	0.00053025150
7040.96	0.00055543790
7043.41	0.00047037130
7045.85	0.00052102630
7048.3	0.00050725140
7050.74	0.00050094760
7053.19	0.00050203110
7055.63	0.00050929080
7058.08	0.00048434380
7060.53	0.00042782780
7062.97	0.00045411520
7065.42	0.00046292380
7067.86	0.00041444130
7070.31	0.00039283760
7072.75	0.00036820220
7075.2	0.00040423270
7077.65	0.00047222530
7080.09	0.00039312900
7082.54	0.00046663450
7084.98	0.00043591220
7087.43	0.00039896830
7089.87	0.00038054260
7092.32	0.00033334420
7094.77	0.00039244250
7097.21	0.00040514830
7099.66	0.00039533140
7102.1	0.00036414030
7104.55	0.00040563620
7106.99	0.00041900220
7109.44	0.00037329920
7111.89	0.00038134400
7114.33	0.00037586020
7116.78	0.00038246080
7119.22	0.00035762100
7121.67	0.00037557450
7124.11	0.00032943040
7126.56	0.00037362330
7129.01	0.00036290100
7131.45	0.00035620250
7133.9	0.00039368570
7136.34	0.00037748170
7138.79	0.00034642160
7141.23	0.00035611550
7143.68	0.00029258860
7146.13	0.00031949510
7148.57	0.00031642130
7151.02	0.00027067210
7153.46	0.00025666420
7155.91	0.00023319800
7158.35	0.00029777680
7160.8	0.00033498530
7163.25	0.00031203950
7165.69	0.00031521800
7168.14	0.00031095670
7170.58	0.00031067580
7173.03	0.00026613560
7175.47	0.00031858750
7177.92	0.00034538780
7180.37	0.00026751290
7182.81	0.00025630460
7185.26	0.00029288610
7187.7	0.00031643720
7190.15	0.00031451350
7192.6	0.00029673400
7195.04	0.00024133630
7197.49	0.00025182320
7199.93	0.00029488900
7202.38	0.00029370990
7204.82	0.00027705160
7207.27	0.00026165690
7209.72	0.00026208760
7212.16	0.00026573080
7214.61	0.00026892590
7217.05	0.00026889000
7219.5	0.00024880810
7221.94	0.00025875230
7224.39	0.00026114970
7226.84	0.00027175870
7229.28	0.00028681360
7231.73	0.00026053920
7234.17	0.00025261400
7236.62	0.00023983410
7239.06	0.00024919940
7241.51	0.00024619910
7243.96	0.00023453230
7246.4	0.00024942990
7248.85	0.00023702380
7251.29	0.00021986060
7253.74	0.00025618040
7256.18	0.00029120640
7258.63	0.00025223110
7261.08	0.00026417190
7263.52	0.00024321900
7265.97	0.00022214810
7268.41	0.00026910880
7270.86	0.00024359040
7273.3	0.00023660230
7275.75	0.00023841250
7278.2	0.00023083350
7280.64	0.00023188300
7283.09	0.00023531040
7285.53	0.00024469010
7287.98	0.00029744150
7290.42	0.00029101900
7292.87	0.00023882260
7295.32	0.00021467030
7297.76	0.00020285470
7300.21	0.00021717480
7302.65	0.00018761840
7305.1	0.00025134790
7307.54	0.00029791020
7309.99	0.00028715910
7312.44	0.00024357820
7314.88	0.00021469130
7317.33	0.00025627360
7319.77	0.00022574210
7322.22	0.00024908720
7324.66	0.00025957570
7327.11	0.00023985700
7329.56	0.00026847160
7332	0.00023074170
7334.45	0.00021912790
7336.89	0.00024508110
7339.34	0.00023841050
7341.78	0.00022289040
7344.23	0.00023318650
7346.68	0.00025124780
7349.12	0.00018543720
7351.57	0.00021797850
7354.01	0.00024752690
7356.46	0.00027456800
7358.9	0.00024922800
7361.35	0.00026416210
7363.8	0.00024235150
7366.24	0.00023130760
7368.69	0.00023296940
7371.13	0.00021627930
7373.58	0.00022111230
7376.02	0.00023448190
7378.47	0.00023174620
7380.92	0.00022262320
7383.36	0.00018678740
7385.81	0.00020134910
7388.25	0.00022350310
7390.7	0.00022602760
7393.14	0.00022835340
7395.59	0.00025290840
7398.04	0.00021010760
7400.48	0.00022522070
7402.93	0.00025785090
7405.37	0.00024572240
7407.82	0.00018632750
7410.26	0.00017779350
7412.71	0.00022427130
7415.16	0.00021219860
7417.6	0.00023489410
7420.05	0.00026239380
7422.49	0.00024440600
7424.94	0.00024884530
7427.38	0.00023534610
7429.83	0.00021061220
7432.28	0.00022555900
7434.72	0.00023013410
7437.17	0.00024206300
7439.61	0.00025096500
7442.06	0.00021797520
7444.5	0.00018577080
7446.95	0.00020341950
7449.4	0.00021885790
7451.84	0.00024284130
7454.29	0.00027883900
7456.73	0.00028002290
7459.18	0.00026126740
7461.62	0.00025287660
7464.07	0.00029137160
7466.52	0.00027279780
7468.96	0.00028535750
7471.41	0.00022735450
7473.85	0.00020983490
7476.3	0.00022787730
7478.74	0.00023796560
7481.19	0.00029223440
7483.64	0.00026534650
7486.08	0.00024178780
7488.53	0.00025106460
7490.97	0.00022042900
7493.42	0.00021118300
7495.86	0.00023900570
7498.31	0.00028955010
7500.76	0.00025162270
7503.2	0.00023777550
7505.65	0.00024481340
7508.09	0.00026658720
7510.54	0.00025310380
7512.98	0.00021254120
7515.43	0.00021602070
7517.88	0.00023634180
7520.32	0.00028924310
7522.77	0.00023340530
7525.21	0.00027411260
7527.66	0.00020679050
7530.1	0.00023228750
7532.55	0.00020823860
7535	0.00022103630
7537.44	0.00026687940
7539.89	0.00027879880
7542.33	0.00023664140
7544.78	0.00026733020
7547.22	0.00025947480
7549.67	0.00022671370
7552.12	0.00021803690
7554.56	0.00027686750
7557.01	0.00024594070
7559.45	0.00023013880
7561.9	0.00025388410
7564.34	0.00029667410
7566.79	0.00026352620
7569.24	0.00024393960
7571.68	0.00027764770
7574.13	0.00027706430
7576.57	0.00027328470
7579.02	0.00025844200
7581.46	0.00019830100
7583.91	0.00026219110
7586.36	0.00025259790
7588.8	0.00027696340
7591.25	0.00025285910
7593.69	0.00023051380
7596.14	0.00023377130
7598.58	0.00024400660
7601.03	0.00026617570
7603.48	0.00024178790
7605.92	0.00026595010
7608.37	0.00028262270
7610.81	0.00025609370
7613.26	0.00023051190
7615.7	0.00017811560
7618.15	0.00025842530
7620.6	0.00027363350
7623.04	0.00022276850
7625.49	0.00025922010
7627.93	0.00024503910
7630.38	0.00021467580
7632.82	0.00020348380
7635.27	0.00020574760
7637.72	0.00021475870
7640.16	0.00021607680
7642.61	0.00022319330
7645.05	0.00023415180
7647.5	0.00025963420
7649.94	0.00021835680
7652.39	0.00021373550
7654.84	0.00023619030
7657.28	0.00023770980
7659.73	0.00028892990
7662.17	0.00027818100
7664.62	0.00026557690
7667.06	0.00022641450
7669.51	0.00024516640
7671.96	0.00023434010
7674.4	0.00024335980
7676.85	0.00024213920
7679.29	0.00025491010
7681.74	0.00023077280
7684.18	0.00020953170
7686.63	0.00021714870
7689.08	0.00023121230
7691.52	0.00025116430
7693.97	0.00022386180
7696.41	0.00023405430
7698.86	0.00021597090
7701.3	0.00021662990
7703.75	0.00024089280
7706.2	0.00018834040
7708.64	0.00020165920
7711.09	0.00020152270
7713.53	0.00021019570
7715.98	0.00022009860
7718.42	0.00025118440
7720.87	0.00026011800
7723.32	0.00022352040
7725.76	0.00022741630
7728.21	0.00024364850
7730.65	0.00024525000
7733.1	0.00020344700
7735.54	0.00013767390
7737.99	0.00018255950
7740.44	0.00024195490
7742.88	0.00020786450
7745.33	0.00022375320
7747.77	0.00019440250
7750.22	0.00019238170
7752.66	0.00016182590
7755.11	0.00022794840
7757.56	0.00019772870
7760	0.00019064750
7762.45	0.00022727000
7764.89	0.00023514750
7767.34	0.00020675730
7769.78	0.00023397330
7772.23	0.00021432570
7774.68	0.00021002760
7777.12	0.00019799540
7779.57	0.00018150830
7782.01	0.00016707320
7784.46	0.00014349620
7786.9	0.00022504260
7789.35	0.00020660820
7791.8	0.00017614490
7794.24	0.00020777300
7796.69	0.00021145350
7799.13	0.00019041080
7801.58	0.00020316640
7804.02	0.00018475130
7806.47	0.00020802450
7808.92	0.00026282720
7811.36	0.00021602950
7813.81	0.00019117880
7816.25	0.00017215050
7818.7	0.00014811540
7821.14	0.00019861130
7823.59	0.00019958170
7826.04	0.00017635180
7828.48	0.00020244870
7830.93	0.00020942190
7833.37	0.00021341280
7835.82	0.00021429600
7838.26	0.00015298990
7840.71	0.00014600880
7843.16	0.00019660770
7845.6	0.00018357310
7848.05	0.00020514790
7850.49	0.00021351670
7852.94	0.00019490010
7855.38	0.00019547720
7857.83	0.00015961320
7860.28	0.00015633370
7862.72	0.00017352900
7865.17	0.00017142950
7867.61	0.00017174430
7870.06	0.00021910060
7872.5	0.00023306590
7874.95	0.00020700730
7877.4	0.00015573310
7879.84	0.00017619810
7882.29	0.00013754400
7884.73	0.00012518180
7887.18	0.00019357660
7889.62	0.00017911900
7892.07	0.00016272150
7894.52	0.00019346440
7896.96	0.00018094640
7899.41	0.00017795580
7901.85	0.00020022790
7904.3	0.00016069450
7906.75	0.00020271310
7909.19	0.00009912996
7911.64	0.00014999080
7914.08	0.00016930260
7916.53	0.00014568540
7918.97	0.00018305700
7921.42	0.00015350780
7923.87	0.00016157050
7926.31	0.00017858540
7928.76	0.00021204430
7931.2	0.00017684410
7933.65	0.00016086050
7936.09	0.00014403410
7938.54	0.00016003870
7940.99	0.00019927510
7943.43	0.00017722880
7945.88	0.00019970800
7948.32	0.00021885620
7950.77	0.00014618650
7953.21	0.00014551560
7955.66	0.00017946530
7958.11	0.00016399440
7960.55	0.00015264020
7963	0.00015271480
7965.44	0.00014331610
7967.89	0.00016349170
7970.33	0.00020540860
7972.78	0.00014912280
7975.23	0.00015089920
7977.67	0.00012768090
7980.12	0.00012448360
7982.56	0.00016737970
7985.01	0.00014603330
7987.45	0.00012437540
7989.9	0.00013951540
7992.35	0.00018158580
7994.79	0.00018712260
7997.24	0.00018829980
7999.68	0.00016771740
8002.13	0.00012927700
8004.57	0.00015389760
8007.02	0.00014432420
8009.47	0.00017301560
8011.91	0.00019875820
8014.36	0.00012433270
8016.8	0.00010784960
8019.25	0.00015674290
8021.69	0.00014180360
8024.14	0.00012934520
8026.59	0.00014905520
8029.03	0.00013337000
8031.48	0.00015115530
8033.92	0.00010340310
8036.37	0.00010466140
8038.81	0.00015410240
8041.26	0.00017403460
8043.71	0.00019107440
8046.15	0.00016262440
8048.6	0.00016514360
8051.04	0.00018637150
8053.49	0.00021323270
8055.93	0.00023729760
8058.38	0.00020654020
8060.83	0.00017683220
8063.27	0.00027834400
8065.72	0.00022052480
8068.16	0.00012874240
8070.61	0.00011390640
8073.05	0.00012986560
8075.5	0.00017923720
8077.95	0.00020680870
8080.39	0.00016023130
8082.84	0.00016341260
8085.28	0.00014022040
8087.73	0.00015126980
8090.17	0.00018396230
8092.62	0.00006926146
8095.07	0.00015756840
8097.51	0.00019518930
8099.96	0.00018723760
8102.4	0.00018306340
8104.85	0.00017332140
8107.29	0.00022185670
8109.74	0.00013341850
8112.19	0.00011332470
8114.63	0.00015917120
8117.08	0.00019605640
8119.52	0.00016193160
8121.97	0.00016930600
8124.41	0.00015959090
8126.86	0.00016899430
8129.31	0.00016286150
8131.75	0.00017806400
8134.2	0.00015836940
8136.64	0.00017264520
8139.09	0.00022582090
8141.53	0.00015852490
8143.98	0.00016482360
8146.43	0.00023521080
8148.87	0.00020406350
8151.32	0.00015813690
8153.76	0.00019800450
8156.21	0.00017303070
8158.65	0.00010606140
8161.1	0.00022027190
8163.55	0.00022771720
8165.99	0.00014912620
8168.44	0.00018746840
8170.88	0.00023610640
8173.33	0.00019085410
8175.77	0.00016814460
8178.22	0.00019971560
8180.67	0.00015095910
8183.11	0.00018022010
8185.56	0.00024309470
8188	0.00020435270
8190.45	0.00018291740
8192.89	0.00015642350
8195.34	0.00016884030
8197.79	0.00017081040
8200.23	0.00012732030
8202.68	0.00013452530
8205.12	0.00015525890
8207.57	0.00018635820
8210.01	0.00020138310
8212.46	0.00022125990
8214.91	0.00019933540
8217.35	0.00016750670
8219.8	0.00019573230
8222.24	0.00022746820
8224.69	0.00020563720
8227.13	0.00018330620
8229.58	0.00022918220
8232.03	0.00024035110
8234.47	0.00014771660
8236.92	0.00018274370
8239.36	0.00021641530
8241.81	0.00019955160
8244.25	0.00017802650
8246.7	0.00018506050
8249.15	0.00022403450
8251.59	0.00022356710
8254.04	0.00016646190
8256.48	0.00019687610
8258.93	0.00013968080
8261.37	0.00013178630
8263.82	0.00025374220
8266.27	0.00022820430
8268.71	0.00022645620
8271.16	0.00023848900
8273.6	0.00019967780
8276.05	0.00023391360
8278.49	0.00028413100
8280.94	0.00023050180
8283.39	0.00022274280
8285.83	0.00021044450
8288.28	0.00025420700
8290.72	0.00017564970
8293.17	0.00020285660
8295.61	0.00026743730
8298.06	0.00026848530
8300.51	0.00022859060
8302.95	0.00019556130
8305.4	0.00026518780
8307.84	0.00026557050
8310.29	0.00023006090
8312.73	0.00024257180
8315.18	0.00023444190
8317.63	0.00021464130
8320.07	0.00028643400
8322.52	0.00027350830
8324.96	0.00020593150
8327.41	0.00026004900
8329.85	0.00021766770
8332.3	0.00025919040
8334.75	0.00030914870
8337.19	0.00023586880
8339.64	0.00025142130
8342.08	0.00030343100
8344.53	0.00026498540
8346.97	0.00024732920
8349.42	0.00027488310
8351.87	0.00026851470
8354.31	0.00031649500
8356.76	0.00028275020
8359.2	0.00028589880
8361.65	0.00026444140
8364.09	0.00024225620
8366.54	0.00020628950
8368.99	0.00023309890
8371.43	0.00028494870
8373.88	0.00030127750
8376.32	0.00035775360
8378.77	0.00028526250
8381.21	0.00019630370
8383.66	0.00019791820
8386.11	0.00026654310
8388.55	0.00022390860
8391	0.00027269350
8393.44	0.00034042510
8395.89	0.00028398550
8398.33	0.00024579690
8400.78	0.00025563920
8403.23	0.00026616530
8405.67	0.00025903940
8408.12	0.00023800350
8410.56	0.00024482840
8413.01	0.00022314640
8415.45	0.00028466440
8417.9	0.00033237010
8420.35	0.00035431120
8422.79	0.00031612940
8425.24	0.00032645880
8427.68	0.00031471070
8430.13	0.00032006840
8432.57	0.00028981650
8435.02	0.00022620970
8437.47	0.00024419060
8439.91	0.00032127420
8442.36	0.00029724040
8444.8	0.00028304690
8447.25	0.00030902620
8449.69	0.00034053610
8452.14	0.00028896260
8454.59	0.00034268530
8457.03	0.00022999200
8459.48	0.00020794880
8461.92	0.00019447710
8464.37	0.00022463470
8466.81	0.00025127400
8469.26	0.00025961680
8471.71	0.00028568890
8474.15	0.00030592090
8476.6	0.00027912270
8479.04	0.00026135180
8481.49	0.00025058460
8483.93	0.00030883560
8486.38	0.00035720560
8488.83	0.00032567510
8491.27	0.00028286810
8493.72	0.00030433620
8496.16	0.00033032170
8498.61	0.00025238990
8501.05	0.00031777910
8503.5	0.00025540360
8505.95	0.00025311370
8508.39	0.00034069650
8510.84	0.00033679890
8513.28	0.00028161330
8515.73	0.00025219460
8518.17	0.00015975050
8520.62	0.00022898740
8523.07	0.00030268310
8525.51	0.00023097680
8527.96	0.00025414690
8530.4	0.00027129670
8532.85	0.00023441290
8535.29	0.00028094720
8537.74	0.00030943630
8540.19	0.00034394280
8542.63	0.00030579160
8545.08	0.00028265880
8547.52	0.00032372620
8549.97	0.00029319000
8552.41	0.00030554200
8554.86	0.00028323130
8557.31	0.00028789420
8559.75	0.00034177580
8562.2	0.00031984170
8564.64	0.00025607660
8567.09	0.00022933060
8569.53	0.00033384020
8571.98	0.00029253720
8574.43	0.00029300370
8576.87	0.00035049100
8579.32	0.00016688010
8581.76	0.00017159290
8584.21	0.00029154260
8586.65	0.00028974520
8589.1	0.00025538310
8591.55	0.00026549660
8593.99	0.00027495890
8596.44	0.00026860640
8598.88	0.00030203130
8601.33	0.00024163060
8603.78	0.00031392330
8606.22	0.00025795700
8608.67	0.00016702940
8611.11	0.00021777710
8613.56	0.00025578380
8616	0.00018766340
8618.45	0.00026886730
8620.9	0.00026599230
8623.34	0.00026027850
8625.79	0.00029623060
8628.23	0.00026654130
8630.68	0.00033018650
8633.12	0.00037832590
8635.57	0.00034390610
8638.02	0.00027727950
8640.46	0.00027630720
8642.91	0.00024694620
8645.35	0.00037402830
8647.8	0.00036807480
8650.24	0.00031959060
8652.69	0.00041151050
8655.14	0.00042545570
8657.58	0.00023734390
8660.03	0.00021673550
8662.47	0.00025756990
8664.92	0.00025536070
8667.36	0.00027681720
8669.81	0.00025612130
8672.26	0.00014701300
8674.7	0.00031424160
8677.15	0.00033524980
8679.59	0.00026652010
8682.04	0.00019481410
8684.48	0.00037768850
8686.93	0.00034185160
8689.38	0.00037044850
8691.82	0.00031578000
8694.27	0.00031961480
8696.71	0.00029447970
8699.16	0.00033602040
8701.6	0.00029801500
8704.05	0.00027213930
8706.5	0.00026020560
8708.94	0.00022903610
8711.39	0.00020942070
8713.83	0.00026629460
8716.28	0.00030501920
8718.72	0.00034257910
8721.17	0.00031858180
8723.62	0.00030674650
8726.06	0.00033127350
8728.51	0.00023043950
8730.95	0.00017833410
8733.4	0.00023019590
8735.84	0.00025650730
8738.29	0.00029737790
8740.74	0.00031237910
8743.18	0.00030399460
8745.63	0.00030438910
8748.07	0.00027371650
8750.52	0.00019380220
8752.96	0.00016034090
8755.41	0.00024085800
8757.86	0.00031186520
8760.3	0.00037465660
8762.75	0.00030393510
8765.19	0.00024308970
8767.64	0.00032854760
8770.08	0.00030662180
8772.53	0.00018028130
8774.98	0.00020886300
8777.42	0.00035459420
8779.87	0.00032698330
8782.31	0.00022365590
8784.76	0.00026702090
8787.2	0.00036104470
8789.65	0.00026460570
8792.1	0.00028068660
8794.54	0.00027604180
8796.99	0.00026458520
8799.43	0.00025551460
8801.88	0.00023493030
8804.32	0.00031283430
8806.77	0.00032372630
8809.22	0.00037856350
8811.66	0.00039489610
8814.11	0.00023016160
8816.55	0.00020694370
8819	0.00019441690
8821.44	0.00027180160
8823.89	0.00025135160
8826.34	0.00021118670
8828.78	0.00021733240
8831.23	0.00025880780
8833.67	0.00020048060
8836.12	0.00012792570
8838.56	0.00012910090
8841.01	0.00024167620
8843.46	0.00028265840
8845.9	0.00023749060
8848.35	0.00022711600
8850.79	0.00018877400
8853.24	0.00023772120
8855.68	0.00020685230
8858.13	0.00028238570
8860.58	0.00024334380
8863.02	0.00024794070
8865.47	0.00029717300
8867.91	0.00019435470
8870.36	0.00032024160
8872.8	0.00021507590
8875.25	0.00035123130
8877.7	0.00039445050
8880.14	0.00034473640
8882.59	0.00018684650
8885.03	0.00017997890
8887.48	0.00022203020
8889.92	0.00023651100
8892.37	0.00017666010
8894.82	0.00020655480
8897.26	0.00027352870
8899.71	0.00023666020
8902.15	0.00029756210
8904.6	0.00026137540
8907.04	0.00012752650
8909.49	0.00029242820
8911.94	0.00029096930
8914.38	0.00004798478
8916.83	0.00009512043
8919.27	0.00014397740
8921.72	0.00012562740
8924.16	0.00025217240
8926.61	0.00024929330
8929.06	0.00016564880
8931.5	0.00027167680
8933.95	0.00027130560
8936.39	0.00028250150
8938.84	0.00029231520
8941.28	0.00018777600
8943.73	0.00022468900
8946.18	0.00023997350
8948.62	0.00020833330
8951.07	0.00018205900
8953.51	0.00021401070
8955.96	0.00017981540
8958.4	0.00015686370
8960.85	0.00016498670
8963.3	0.00023605470
8965.74	0.00024028310
8968.19	0.00018508970
8970.63	0.00011759420
8973.08	0.00013174370
8975.52	0.00015437050
8977.97	0.00017854680
8980.42	0.00013725830
8982.86	0.00022245910
8985.31	0.00008991688
8987.75	0.00007078997
8990.2	0.00014917000
8992.64	0.00011705440
8995.09	0.00023588980
8997.54	0.00024824120
8999.98	0.00017285210
9002.43	0.00007737268
9004.87	0.00021279460
9007.32	0.00019001930
9009.76	0.00022660310
9012.21	0.00013658610
9014.66	0.00019177340
9017.1	0.00006746958
9019.55	0.00020723390
9021.99	0.00017645100
9024.44	0.00010380790
9026.88	0.00017254320
9029.33	0.00021443590
9031.78	0.00025599980
9034.22	0.00015373310
9036.67	0.00029230290
9039.11	0.00020457930
9041.56	0.00012029020
9044	0.00033236360
9046.45	0.00020646180
9048.9	0.00012901140
9051.34	0.00020393710
9053.79	0.00015348080
9056.23	0.00009930037
9058.68	0.00015656240
9061.12	0.00021714810
9063.57	0.00016303680
9066.02	0.00036440710
9068.46	0.00019092040
9070.91	0.00020051930
9073.35	0.00023605790
9075.8	0.00026643800
9078.24	0.00006273980
9080.69	0.00011719230
9083.14	0.00022342490
9085.58	0.00018580880
9088.03	0.00007490685
9090.47	0.00007132056
9092.92	0.00014003410
9095.36	0.00015816520
9097.81	0.00005618463
9100.26	0.00004185628
9102.7	0.00012022330
9105.15	0.00018299900
9107.59	0.00012394980
9110.04	0.00012577740
9112.48	0.00018113490
9114.93	0.00014341670
9117.38	0.00014451830
9119.82	0.00014224010
9122.27	0.00021201210
9124.71	0.00017333670
9127.16	0.00013105460
9129.6	0.00015993440
9132.05	0.00009706720
9134.5	0.00004643321
9136.94	0.00004857774
9139.39	0.00006047927
9141.83	0.00005252767
9144.28	0.00014770110
9146.72	0.00015880760
9149.17	0.00010896640
9151.62	0.00005033601
9154.06	0.00000207761
9156.51	0.00012319510
9158.95	0.00020512410
9161.4	0.00017473830
9163.84	0.00009163226
9166.29	0.00009029360
9168.74	0.00004382528
9171.18	0.00006374046
9173.63	0.00003278743
9176.07	-0.00005034578
9178.52	-0.00004501733
9180.96	0.00007530583
9183.41	-0.00014233640
9185.86	-0.00012302220
9188.3	0.00005285164
9190.75	0.00010926150
9193.19	0.00013732240
9195.64	0.00008936923
9198.08	0.00024663260
9200.53	0.00012140480
9202.98	-0.00001541888
9205.42	-0.00005120422
9207.87	-0.00013993180
9210.31	0.00005437022
9212.76	-0.00002374693
9215.2	0.00000015561
9217.65	0.00004597138
9220.1	0.00005423210
9222.54	0.00000824868
9224.99	0.00016291000
9227.43	0.00016080400
9229.88	0.00024820030
9232.32	0.00007346064
9234.77	-0.00010434300
9237.22	0.00004496254
9239.66	0.00016180040
9242.11	0.00021244510
9244.55	-0.00005932695
9247	-0.00003811473
9249.44	-0.00002747456
9251.89	0.00010788550
9254.34	-0.00014990360